447,293,-632,471,335,-619,493,339,-619,514,342,-619,420,323,-590,405,320,-589,394,317,-590,548,330,-437,401,304,-289,498,261,-558,436,250,-515,699,138,-328,365,134,-147,758,-128,-305,306,-112,-111,708,-283,-384,310,-280,-439,713,-338,-453,294,-344,-512,679,-331,-464,324,-328,-587,666,-307,-398,340,-303,-481,639,-313,-112,430,-307,115,623,-661,-198,436,-659,128,620,-987,164,437,-987,328,635,-1036,177,439,-1042,338,560,-1096,-220,436,-1093,-67,
447,291,-799,471,335,-780,493,339,-780,515,342,-780,421,324,-752,406,320,-752,395,317,-752,548,329,-538,401,303,-398,498,259,-700,436,247,-660,695,138,-370,368,134,-157,751,-125,-457,312,-116,-70,675,-204,-729,311,-283,-392,666,-234,-821,295,-345,-470,647,-212,-822,322,-330,-542,640,-201,-742,338,-306,-433,637,-314,-135,430,-307,138,606,-653,-268,423,-653,126,606,-982,111,425,-982,318,624,-1035,122,429,-1037,324,547,-1078,-309,416,-1084,-95,
447,290,-744,471,335,-724,493,339,-725,515,341,-725,422,324,-698,407,320,-697,397,317,-698,549,327,-508,401,302,-363,498,256,-652,437,245,-613,696,136,-333,369,134,-158,752,-125,-346,312,-120,-71,678,-209,-580,310,-284,-376,672,-249,-654,294,-345,-455,652,-227,-646,321,-331,-524,642,-203,-582,336,-307,-416,636,-317,-132,430,-307,136,601,-655,-250,416,-653,138,595,-984,132,413,-982,338,612,-1039,147,415,-1037,345,531,-1079,-305,403,-1084,-70,
448,289,-784,471,335,-764,493,338,-765,514,341,-765,423,324,-737,409,320,-737,398,317,-737,549,327,-528,402,302,-388,498,255,-686,437,244,-646,696,136,-335,371,134,-171,752,-124,-346,313,-121,-72,681,-226,-568,310,-284,-381,677,-268,-649,294,-345,-461,653,-252,-661,320,-331,-530,644,-231,-584,335,-307,-421,635,-317,-130,429,-307,134,595,-655,-242,408,-653,138,585,-984,166,400,-982,352,600,-1039,183,403,-1036,360,522,-1078,-283,391,-1084,-66,
449,288,-799,471,335,-779,493,338,-780,514,340,-780,423,324,-753,411,320,-752,399,317,-753,549,326,-541,402,302,-404,498,253,-701,437,243,-661,696,134,-342,371,134,-190,751,-126,-344,311,-123,-75,682,-229,-545,306,-289,-389,680,-269,-623,290,-350,-467,654,-255,-641,314,-338,-537,645,-235,-563,329,-314,-429,634,-320,-130,426,-307,133,589,-656,-237,399,-654,125,575,-984,174,387,-982,350,591,-1040,190,389,-1036,358,511,-1079,-280,378,-1084,-78,
449,288,-809,471,335,-790,493,338,-790,514,340,-790,424,324,-762,412,320,-762,400,317,-762,549,326,-558,403,302,-418,497,253,-713,437,243,-673,698,127,-362,370,133,-215,751,-140,-356,306,-124,-104,683,-278,-539,299,-289,-395,681,-328,-616,284,-349,-473,652,-319,-633,308,-338,-538,643,-293,-557,322,-314,-432,632,-326,-129,423,-310,132,585,-664,-236,394,-658,125,569,-992,178,377,-986,351,584,-1049,195,379,-1041,360,500,-1088,-274,367,-1092,-77,
449,286,-803,471,334,-782,492,337,-782,513,340,-782,424,324,-759,412,320,-759,401,317,-759,549,325,-547,404,302,-428,496,251,-706,438,242,-673,698,124,-357,371,133,-239,748,-142,-350,307,-123,-143,676,-277,-525,299,-282,-426,672,-324,-601,284,-340,-506,646,-312,-617,307,-329,-566,638,-288,-542,322,-306,-462,631,-326,-108,422,-310,111,586,-663,-228,396,-655,60,573,-991,169,383,-984,244,589,-1049,182,385,-1038,249,507,-1087,-264,375,-1090,-172,
449,286,-859,471,334,-836,492,337,-836,514,339,-836,426,323,-815,415,320,-815,403,317,-816,549,324,-586,405,302,-480,496,250,-757,439,242,-727,648,123,-371,371,133,-275,747,-143,-362,306,-118,-179,676,-273,-555,299,-272,-476,672,-317,-627,284,-329,-557,646,-303,-643,306,-317,-619,638,-282,-573,320,-295,-513,630,-326,-103,422,-310,106,587,-661,-229,397,-652,34,576,-991,154,386,-981,219,591,-1049,164,388,-1036,224,511,-1085,-276,379,-1086,-208,
450,286,-897,472,334,-876,493,337,-876,514,339,-877,427,323,-854,416,320,-854,403,317,-854,549,324,-624,406,303,-511,496,250,-793,440,242,-761,633,123,-404,371,134,-276,745,-142,-421,306,-113,-171,662,-245,-636,299,-272,-471,651,-280,-713,284,-329,-552,631,-262,-720,306,-317,-617,625,-245,-650,320,-295,-509,630,-321,-104,422,-307,107,588,-653,-250,399,-643,13,577,-982,106,388,-974,184,592,-1039,114,390,-1030,187,513,-1078,-331,381,-1077,-251,
450,286,-858,473,334,-836,494,336,-836,514,339,-836,427,323,-814,416,320,-814,404,317,-814,549,324,-591,405,303,-476,496,250,-756,440,241,-724,630,122,-390,370,134,-261,745,-142,-372,306,-111,-163,665,-252,-561,299,-270,-462,656,-289,-626,284,-327,-542,634,-270,-639,306,-316,-608,627,-253,-577,320,-294,-501,628,-321,-104,420,-307,107,585,-653,-248,396,-643,39,575,-982,111,385,-974,223,590,-1039,122,388,-1030,228,510,-1077,-309,376,-1078,-201,
451,286,-841,473,334,-818,494,336,-818,515,338,-818,428,323,-796,416,320,-796,404,317,-796,549,324,-582,405,303,-459,496,250,-739,440,241,-707,631,122,-362,370,134,-251,746,-142,-335,306,-111,-156,666,-257,-509,299,-269,-461,659,-297,-574,284,-327,-539,636,-278,-589,306,-315,-607,628,-260,-525,320,-293,-500,628,-322,-104,420,-307,108,584,-651,-245,396,-643,50,574,-981,121,385,-974,236,590,-1038,132,388,-1029,242,509,-1076,-296,375,-1078,-183,
453,286,-858,475,334,-831,496,337,-831,516,338,-831,429,324,-813,417,321,-812,405,318,-813,549,324,-576,405,303,-474,498,250,-751,442,241,-724,632,122,-361,370,134,-260,750,-142,-336,306,-109,-171,673,-257,-515,299,-258,-497,666,-298,-580,284,-313,-579,643,-281,-594,306,-299,-646,636,-262,-531,319,-278,-536,629,-322,-105,421,-308,108,585,-651,-241,396,-643,53,576,-981,144,386,-974,251,592,-1038,156,390,-1029,257,514,-1076,-283,377,-1078,-175,
454,286,-871,476,334,-848,497,337,-848,517,338,-848,430,324,-828,417,321,-828,405,318,-828,549,324,-592,404,303,-491,499,250,-764,442,241,-737,627,122,-400,371,133,-254,739,-142,-400,312,-109,-153,651,-240,-566,306,-259,-451,637,-276,-633,293,-316,-523,622,-256,-641,310,-302,-587,618,-240,-578,323,-281,-489,629,-322,-114,423,-308,118,585,-645,-255,400,-638,57,584,-977,118,397,-969,246,602,-1034,128,403,-1024,251,521,-1071,-296,382,-1072,-169,
454,286,-883,476,334,-862,497,337,-862,517,338,-862,430,324,-841,417,321,-841,405,318,-841,549,324,-609,404,303,-504,499,250,-777,442,242,-748,671,123,-422,373,133,-250,733,-142,-438,317,-108,-144,640,-225,-606,310,-260,-431,624,-257,-675,297,-317,-500,612,-235,-679,312,-303,-564,609,-220,-616,325,-282,-468,629,-322,-121,424,-308,124,585,-640,-264,402,-633,52,588,-973,104,404,-966,231,607,-1030,114,410,-1020,236,526,-1065,-305,385,-1069,-172,
455,288,-869,477,335,-847,497,337,-847,517,339,-847,431,325,-826,417,322,-825,405,319,-826,549,325,-603,403,303,-491,499,251,-766,442,243,-735,640,127,-415,373,134,-242,734,-135,-448,320,-108,-131,639,-170,-693,313,-260,-425,621,-188,-773,301,-318,-497,611,-161,-762,316,-303,-562,608,-154,-700,328,-281,-462,629,-318,-122,425,-306,125,585,-636,-260,406,-631,52,589,-968,109,408,-962,237,607,-1024,119,414,-1016,242,529,-1060,-302,393,-1065,-169,
455,289,-852,477,335,-841,497,337,-841,516,339,-841,430,326,-813,417,322,-813,405,319,-813,548,325,-596,403,303,-491,499,252,-759,442,244,-721,619,123,-424,373,143,-220,722,-135,-427,321,-94,-87,624,-193,-564,315,-245,-349,606,-221,-624,302,-302,-410,594,-200,-617,317,-289,-475,591,-187,-566,329,-267,-386,626,-312,-132,424,-296,135,580,-631,-263,405,-622,107,579,-963,113,401,-956,285,598,-1018,124,405,-1010,291,512,-1057,-290,379,-1059,-102,
455,290,-852,477,335,-836,497,337,-837,516,339,-837,430,326,-811,417,323,-811,404,320,-811,548,325,-592,402,303,-484,499,253,-755,441,245,-720,620,119,-419,374,142,-221,725,-135,-418,325,-95,-93,628,-216,-550,319,-247,-371,617,-254,-614,305,-304,-438,600,-240,-618,321,-289,-505,596,-221,-558,334,-268,-409,626,-312,-138,425,-296,141,581,-632,-261,405,-624,148,577,-964,144,400,-957,357,596,-1019,159,404,-1011,366,510,-1058,-255,378,-1060,-37,
455,290,-854,477,335,-836,497,338,-836,516,339,-837,430,326,-812,417,323,-812,404,320,-812,548,326,-593,401,304,-480,498,253,-756,440,246,-721,621,117,-422,374,142,-222,726,-135,-414,327,-95,-94,629,-225,-549,320,-248,-377,621,-265,-615,307,-306,-444,601,-252,-621,323,-291,-513,597,-232,-559,336,-270,-416,626,-312,-142,425,-295,145,581,-633,-259,405,-625,160,576,-965,155,399,-957,373,595,-1020,170,404,-1011,382,509,-1059,-244,377,-1060,-21,
455,291,-836,477,336,-822,496,338,-822,515,340,-823,431,328,-796,417,325,-796,405,323,-796,547,327,-591,401,307,-473,495,254,-744,440,249,-706,674,121,-415,372,146,-236,735,-133,-363,322,-91,-122,652,-244,-466,318,-245,-389,647,-289,-528,305,-303,-450,621,-277,-534,322,-289,-515,614,-255,-478,336,-268,-425,626,-307,-140,425,-291,142,585,-634,-241,412,-626,149,577,-965,163,402,-957,354,595,-1020,177,406,-1011,363,509,-1059,-239,382,-1060,-44,
453,293,-951,474,337,-934,493,339,-934,511,341,-934,430,330,-906,417,327,-906,404,325,-906,546,328,-690,401,310,-555,491,257,-850,439,253,-812,653,119,-485,367,151,-301,736,-135,-432,300,-81,-211,659,-269,-542,296,-221,-578,657,-319,-610,283,-274,-656,628,-305,-623,303,-258,-721,620,-282,-556,317,-239,-617,622,-306,-139,416,-288,142,583,-647,-205,401,-633,139,564,-976,246,381,-965,392,578,-1029,263,384,-1020,407,495,-1076,-196,369,-1070,-49,
452,294,-915,471,337,-895,489,340,-896,508,341,-896,430,331,-874,417,329,-874,404,327,-874,545,329,-654,402,312,-522,488,259,-814,439,256,-784,643,117,-458,367,153,-262,738,-138,-426,295,-70,-234,665,-274,-544,292,-178,-731,662,-323,-611,278,-223,-823,633,-307,-623,299,-203,-876,625,-284,-557,313,-187,-769,620,-306,-139,415,-287,142,581,-653,-192,398,-638,165,559,-982,252,378,-970,428,574,-1035,268,380,-1023,442,488,-1083,-184,365,-1075,-10,
449,298,-888,467,340,-866,485,343,-866,504,345,-865,428,333,-840,416,331,-840,403,328,-840,542,333,-634,401,314,-491,484,263,-795,437,259,-758,637,125,-416,366,152,-266,742,-133,-378,293,-74,-209,668,-273,-510,291,-193,-556,665,-323,-576,278,-249,-638,633,-311,-589,300,-238,-695,625,-287,-525,314,-218,-590,621,-300,-128,415,-284,131,584,-652,-205,401,-637,94,560,-982,188,381,-969,300,574,-1034,199,383,-1023,308,489,-1082,-260,375,-1075,-145,
442,299,-811,459,341,-780,476,343,-780,496,345,-780,422,334,-753,411,332,-753,399,329,-753,537,333,-498,399,314,-364,475,264,-701,432,260,-664,628,125,-309,363,141,-101,750,-102,-595,269,-75,-382,657,-39,-1063,236,-36,-1242,632,-30,-1156,219,-31,-1381,620,5,-1117,228,38,-1382,618,-1,-1060,247,-7,-1270,620,-306,-124,414,-293,127,582,-648,-237,398,-636,5,561,-981,93,380,-972,151,576,-1034,95,384,-1026,148,502,-1079,-373,373,-1077,-314,
439,299,-776,455,341,-742,473,344,-742,492,346,-742,420,334,-717,409,332,-717,397,329,-717,535,333,-450,398,314,-329,471,264,-663,430,260,-629,626,127,-266,361,136,-80,753,-92,-585,263,-72,-382,647,-24,-1052,231,-41,-1213,617,-16,-1148,214,-44,-1352,609,19,-1111,225,-13,-1358,609,13,-1050,243,-18,-1242,620,-310,-114,413,-299,117,581,-646,-243,396,-635,-30,562,-981,77,380,-974,103,576,-1034,78,384,-1028,98,510,-1076,-388,372,-1078,-365,
430,292,-727,447,335,-694,462,339,-694,479,342,-693,414,327,-664,403,324,-664,392,322,-664,522,330,-421,395,306,-273,461,258,-625,423,253,-584,626,162,-265,358,119,-38,766,-91,-699,257,-112,-395,619,89,-1240,211,-14,-1248,608,103,-1342,188,14,-1382,601,139,-1272,181,69,-1365,600,118,-1225,221,33,-1268,645,-309,-105,429,-306,109,633,-659,-198,441,-664,12,639,-986,120,454,-993,174,652,-1036,116,458,-1043,174,598,-1083,-348,468,-1099,-291,
425,281,-666,441,326,-650,455,330,-650,471,334,-650,411,316,-601,402,314,-601,391,311,-601,516,324,-435,397,298,-193,459,246,-586,423,240,-517,627,158,-284,358,110,19,804,-83,-909,245,-109,-330,633,94,-1418,203,-59,-1099,614,139,-1516,179,-59,-1208,604,167,-1409,196,-25,-1192,588,166,-1386,204,30,-1118,650,-338,-135,429,-336,138,629,-703,-131,434,-706,387,635,-1018,261,440,-1021,816,650,-1064,272,445,-1064,850,587,-1117,-220,451,-1136,387,
423,275,-690,439,321,-678,452,325,-678,468,330,-678,409,311,-627,400,308,-626,390,305,-627,511,320,-456,397,292,-197,459,241,-605,423,233,-532,636,159,-304,359,108,19,820,-80,-921,229,-115,-362,657,98,-1467,180,-12,-1234,620,145,-1569,165,-1,-1354,602,204,-1460,175,72,-1321,602,150,-1435,201,57,-1247,655,-340,-153,429,-342,156,632,-707,-92,429,-715,478,639,-1020,370,437,-1030,1026,652,-1065,388,442,-1072,1073,596,-1123,-120,449,-1146,585,
416,276,-684,431,322,-674,444,326,-674,459,330,-674,399,310,-619,390,306,-619,380,302,-619,506,320,-467,394,287,-192,454,242,-605,417,234,-526,647,157,-379,359,103,63,808,-21,-976,213,-118,-332,642,174,-1343,139,24,-1114,603,234,-1423,105,99,-1217,566,268,-1296,147,127,-1178,568,238,-1302,172,104,-1124,654,-339,-197,427,-339,199,614,-702,-113,413,-709,516,625,-1022,382,415,-1034,972,644,-1070,406,423,-1079,1011,576,-1122,-52,407,-1151,567,
410,276,-639,426,322,-625,439,325,-626,454,329,-625,395,310,-576,385,306,-575,376,302,-575,498,317,-406,385,287,-151,445,241,-555,409,235,-483,625,154,-303,345,105,72,802,-44,-808,172,-115,-350,669,114,-1178,136,30,-1196,639,162,-1256,111,109,-1305,625,191,-1209,151,138,-1247,616,163,-1151,172,109,-1200,631,-337,-190,402,-335,192,602,-699,-220,395,-709,448,610,-1022,146,397,-1033,824,628,-1069,153,403,-1077,856,565,-1120,-330,392,-1147,401,
406,273,-625,422,320,-607,435,324,-607,450,327,-606,391,309,-557,382,305,-556,372,301,-556,493,315,-380,381,287,-126,438,240,-541,404,234,-469,621,148,-283,341,107,77,799,-54,-817,174,-114,-363,670,139,-1206,133,35,-1205,642,202,-1283,105,111,-1316,598,269,-1168,155,140,-1257,620,192,-1168,174,109,-1210,624,-336,-189,398,-333,192,594,-698,-260,387,-709,441,600,-1023,84,390,-1034,799,618,-1069,89,395,-1077,829,556,-1120,-400,387,-1147,366,
391,274,-621,410,320,-614,423,323,-614,439,326,-614,378,309,-562,369,306,-561,360,302,-561,486,314,-413,374,287,-173,424,241,-545,392,235,-474,597,127,-325,342,118,73,736,-136,-534,190,-82,-170,652,-188,-639,145,-38,-876,636,-214,-690,111,-51,-967,599,-189,-669,158,-33,-966,614,-184,-633,180,-38,-900,611,-340,-188,394,-331,192,568,-702,-328,362,-704,279,555,-1034,-8,356,-1031,388,576,-1087,-3,361,-1077,388,481,-1126,-454,342,-1142,-32,
391,274,-611,409,320,-600,423,323,-600,440,326,-600,376,309,-556,366,306,-555,356,302,-555,484,314,-406,369,288,-190,423,241,-536,390,235,-476,595,112,-323,344,134,72,701,-157,-409,174,-54,-320,651,-291,-468,153,53,-978,645,-336,-515,127,118,-1075,615,-319,-505,165,146,-1026,614,-304,-471,190,98,-987,599,-335,-170,387,-322,173,558,-702,-298,354,-697,199,543,-1030,53,351,-1029,348,561,-1082,60,355,-1073,355,478,-1123,-387,343,-1138,-82,
389,274,-619,408,320,-607,423,323,-607,440,326,-607,374,309,-563,364,306,-562,354,302,-562,484,315,-412,365,288,-196,422,241,-545,388,235,-484,597,111,-329,345,134,71,697,-167,-421,170,-61,-377,654,-307,-467,158,64,-1074,660,-354,-515,139,138,-1178,631,-336,-503,178,176,-1132,621,-322,-470,195,121,-1083,602,-334,-169,389,-322,172,563,-699,-317,358,-697,224,550,-1033,34,358,-1027,418,569,-1083,40,361,-1072,430,488,-1125,-411,352,-1136,-10,
390,273,-653,407,320,-636,421,323,-636,438,326,-636,374,309,-604,363,306,-603,353,302,-603,483,315,-419,362,288,-226,423,241,-555,387,234,-511,599,137,-237,340,142,-52,710,-108,-247,164,-46,-459,712,-223,-390,186,79,-1214,726,-261,-433,198,140,-1339,700,-244,-439,232,171,-1298,684,-234,-401,245,145,-1219,600,-286,-128,386,-275,132,565,-655,-302,362,-649,147,554,-992,20,361,-984,360,570,-1041,21,364,-1027,370,494,-1085,-464,356,-1095,-117,
387,273,-825,403,320,-808,417,323,-808,435,326,-808,371,309,-777,361,306,-777,351,302,-777,482,315,-553,361,290,-400,418,241,-721,384,233,-679,599,139,-336,330,157,-163,719,-97,-473,153,-36,-526,659,-144,-754,235,73,-1194,643,-159,-814,267,121,-1302,629,-135,-766,288,147,-1247,624,-130,-742,295,125,-1189,584,-281,-130,375,-269,133,549,-644,-300,349,-638,90,532,-979,48,342,-973,237,544,-1028,53,345,-1018,239,482,-1071,-419,338,-1080,-237,
386,273,-856,401,319,-846,416,322,-846,434,326,-846,370,309,-811,360,306,-811,350,302,-811,482,316,-600,361,291,-429,417,239,-754,382,231,-706,600,139,-399,325,163,-172,722,-91,-619,162,0,-540,625,-106,-873,242,72,-1207,601,-114,-934,274,115,-1308,588,-86,-871,292,135,-1248,585,-85,-855,296,116,-1200,579,-281,-131,369,-267,134,544,-637,-269,344,-628,147,525,-963,94,333,-955,350,535,-1010,100,335,-1001,360,475,-1058,-375,329,-1062,-103,
384,273,-856,398,319,-840,413,323,-840,430,326,-840,366,309,-806,356,306,-805,347,302,-806,478,318,-579,357,292,-404,415,239,-750,380,231,-701,593,141,-386,325,173,-213,698,-92,-438,180,16,-628,626,-203,-502,292,90,-1312,613,-247,-544,351,114,-1421,594,-229,-519,360,141,-1370,589,-214,-498,353,122,-1307,582,-276,-142,372,-265,145,549,-632,-203,349,-629,316,531,-955,259,353,-949,685,542,-1001,274,360,-994,715,480,-1049,-204,340,-1056,244,
384,273,-928,398,319,-911,412,323,-911,430,327,-911,366,309,-878,356,306,-877,347,302,-878,477,321,-634,356,293,-462,416,239,-816,380,232,-768,591,144,-413,326,176,-268,701,-91,-447,187,19,-697,627,-195,-524,299,94,-1397,617,-236,-564,358,113,-1507,596,-215,-535,367,142,-1455,591,-202,-517,361,134,-1391,585,-272,-144,374,-263,147,550,-627,-176,356,-625,359,536,-944,296,366,-941,765,547,-990,313,373,-985,799,486,-1041,-173,354,-1049,322,
384,283,-600,398,325,-583,413,329,-584,430,332,-584,367,315,-555,358,312,-554,348,309,-555,478,324,-341,358,300,-191,417,251,-500,381,245,-459,585,155,-216,328,182,-55,689,-51,-448,210,32,-649,582,-64,-611,328,116,-1215,560,-82,-656,378,134,-1342,548,-55,-626,389,169,-1257,548,-54,-604,389,151,-1196,584,-258,-144,376,-248,146,551,-610,-191,365,-603,265,547,-928,190,377,-919,508,559,-977,193,383,-964,526,499,-1019,-181,365,-1025,126,
393,285,-533,409,327,-529,423,330,-529,440,334,-529,381,317,-488,373,314,-488,365,311,-488,484,325,-351,379,305,-151,425,252,-462,390,248,-405,587,155,-261,344,184,11,679,-61,-462,217,25,-393,537,-55,-516,322,107,-933,504,-59,-556,358,131,-1028,500,-30,-494,387,156,-948,505,-35,-495,385,140,-920,584,-261,-145,382,-249,147,553,-613,-222,365,-605,216,546,-931,81,376,-921,377,560,-978,83,382,-965,385,490,-1019,-319,360,-1024,-17,
404,285,-626,420,327,-615,435,331,-615,451,334,-615,391,318,-577,383,315,-576,376,312,-577,493,325,-399,386,307,-210,440,252,-540,401,248,-486,593,154,-292,348,180,-28,678,-62,-504,218,20,-416,516,2,-585,309,97,-938,473,12,-633,360,123,-1035,474,46,-572,373,148,-1072,482,36,-567,370,135,-987,584,-265,-147,386,-254,150,562,-612,-177,383,-608,227,563,-926,221,399,-920,454,577,-972,233,405,-964,472,513,-1014,-200,387,-1021,76,
408,285,-652,425,328,-641,440,332,-641,457,335,-641,396,319,-603,388,316,-602,380,314,-602,497,325,-421,390,308,-231,445,252,-564,406,248,-510,597,153,-292,350,179,-24,674,-63,-513,220,20,-423,510,10,-607,308,93,-1043,466,21,-656,362,119,-1145,468,56,-591,372,144,-1123,477,46,-587,368,133,-1061,585,-266,-151,389,-256,153,566,-611,-173,391,-608,235,569,-924,238,406,-920,497,583,-970,251,412,-964,517,521,-1012,-191,396,-1019,104,
414,285,-623,432,328,-614,448,332,-615,465,335,-614,399,319,-573,391,316,-573,382,313,-573,505,326,-422,389,306,-227,455,252,-545,411,247,-490,603,151,-316,371,158,19,682,-64,-525,262,-28,-293,534,6,-644,300,66,-966,505,15,-692,342,86,-1059,495,47,-640,344,100,-1033,493,40,-623,364,99,-977,613,-285,-161,430,-272,163,580,-607,-199,412,-600,222,587,-922,187,417,-914,411,605,-972,201,426,-961,417,530,-1004,-210,392,-1010,77,
415,285,-665,434,328,-629,452,332,-630,470,335,-630,399,319,-607,390,316,-607,381,313,-608,508,326,-411,389,306,-233,454,252,-549,412,247,-522,595,145,-295,367,151,-6,690,-87,-495,266,-54,-355,605,-118,-719,297,45,-1230,593,-148,-785,332,65,-1361,574,-120,-775,332,89,-1347,570,-110,-719,357,89,-1250,613,-303,-162,424,-286,164,567,-610,-231,398,-603,293,568,-926,138,390,-919,573,587,-975,147,399,-965,588,502,-1011,-275,361,-1018,202,
415,284,-678,434,328,-637,452,332,-639,470,335,-639,398,318,-616,389,315,-616,380,312,-616,508,325,-420,388,301,-239,454,251,-559,412,245,-530,596,139,-301,370,135,10,707,-99,-484,275,-83,-297,640,-157,-701,294,-7,-1171,631,-190,-763,300,-1,-1329,611,-165,-751,320,65,-1269,608,-155,-698,333,66,-1240,616,-316,-183,425,-301,186,567,-614,-260,397,-606,345,568,-940,127,390,-931,646,589,-998,136,399,-982,664,500,-1019,-285,361,-1031,278,
415,282,-662,434,326,-631,451,329,-632,469,332,-632,399,317,-606,389,314,-605,379,311,-606,508,323,-379,387,300,-234,454,249,-554,412,243,-519,593,153,-226,358,138,4,727,-60,-543,269,-78,-292,630,59,-976,287,-17,-1066,623,72,-1078,276,-12,-1205,607,99,-1028,285,57,-1205,602,83,-969,309,19,-1101,614,-283,-149,421,-275,152,580,-612,-211,405,-606,165,577,-933,132,399,-928,348,593,-986,140,404,-977,354,524,-1016,-294,390,-1030,-83,
415,281,-666,435,325,-639,452,329,-640,470,331,-640,399,317,-609,390,314,-609,380,311,-609,508,321,-390,387,300,-232,453,247,-563,411,242,-523,593,156,-246,358,139,17,737,-60,-596,290,-78,-227,630,59,-1050,286,-46,-971,614,90,-1157,267,-51,-1096,609,106,-1106,279,-16,-1114,605,92,-1042,299,-21,-1003,613,-274,-149,420,-263,152,577,-603,-230,403,-596,172,569,-924,84,392,-921,342,583,-976,88,396,-970,346,515,-1008,-356,383,-1023,-83,
416,279,-667,436,325,-642,454,328,-642,471,330,-642,400,316,-611,391,314,-610,380,311,-611,508,320,-396,386,300,-236,453,247,-567,411,241,-525,593,158,-249,358,139,8,743,-52,-578,311,-86,-144,630,58,-998,300,-134,-758,619,72,-1106,274,-168,-868,609,99,-1056,291,-138,-902,604,87,-991,311,-126,-792,613,-271,-150,421,-261,153,577,-590,-247,402,-588,161,570,-911,71,395,-913,298,585,-963,76,400,-963,300,515,-996,-349,385,-1015,-105,
412,281,-574,435,325,-552,452,328,-552,470,330,-552,399,317,-519,389,315,-519,379,312,-519,506,320,-337,385,300,-177,445,248,-488,409,244,-444,585,158,-243,359,139,39,711,-50,-565,321,-87,-5,620,39,-925,308,-196,-429,606,54,-1023,280,-246,-511,602,78,-984,301,-226,-557,596,68,-922,318,-208,-464,602,-272,-155,421,-262,157,568,-588,-290,402,-588,168,570,-910,-9,397,-913,257,585,-964,-3,402,-964,254,513,-990,-386,385,-1010,-112,
412,281,-576,434,325,-554,452,328,-554,470,330,-554,399,317,-522,389,315,-522,378,312,-522,506,319,-332,384,300,-182,443,248,-489,408,244,-446,577,156,-234,359,140,36,694,-51,-564,321,-88,-24,615,37,-906,312,-199,-476,601,54,-1005,287,-248,-561,599,78,-964,311,-227,-605,591,67,-903,326,-210,-510,594,-273,-155,417,-262,158,561,-590,-289,399,-591,170,568,-911,-2,397,-914,259,585,-965,3,403,-965,256,511,-992,-382,384,-1012,-115,
404,282,-600,425,326,-577,441,329,-578,459,331,-578,390,317,-547,380,315,-547,369,312,-548,496,320,-344,371,300,-191,432,250,-507,399,246,-467,575,156,-212,344,141,29,697,-52,-497,310,-88,-87,617,29,-893,307,-198,-626,604,44,-985,281,-249,-725,599,69,-943,305,-224,-763,591,59,-900,320,-206,-660,576,-274,-150,390,-264,153,552,-590,-253,384,-594,164,560,-914,22,384,-915,292,578,-967,28,389,-966,294,502,-994,-337,377,-1013,-94,
395,282,-640,415,326,-611,430,329,-612,448,331,-612,382,318,-588,372,315,-588,362,312,-588,488,320,-358,366,300,-243,423,251,-540,392,246,-508,574,146,-226,332,133,1,697,-66,-495,299,-85,-77,614,6,-892,274,-185,-609,597,20,-989,253,-232,-708,590,52,-951,273,-208,-754,584,44,-892,287,-192,-646,570,-277,-144,381,-267,147,540,-590,-231,369,-587,115,546,-908,101,366,-907,286,563,-961,110,371,-957,291,490,-992,-287,359,-1007,-110,
389,282,-641,408,326,-613,422,329,-613,440,332,-613,377,318,-590,365,315,-590,356,312,-590,483,320,-364,360,299,-258,419,251,-540,387,246,-514,573,141,-222,328,123,-22,694,-66,-463,294,-87,-61,612,6,-881,268,-179,-534,594,18,-980,254,-224,-631,588,49,-953,270,-198,-682,582,40,-882,282,-182,-572,571,-283,-131,382,-274,134,539,-583,-243,368,-583,65,545,-900,80,363,-900,207,561,-954,88,368,-950,208,491,-981,-292,351,-995,-177,
387,283,-659,404,327,-640,418,331,-640,437,335,-640,372,318,-611,361,315,-610,351,312,-611,481,325,-424,357,299,-274,418,254,-569,386,247,-529,590,144,-262,331,124,-86,717,-68,-338,287,-92,-91,688,-200,-562,261,-228,-520,696,-253,-641,245,-284,-610,665,-244,-667,268,-272,-669,654,-223,-583,280,-251,-560,584,-285,-134,389,-278,137,566,-593,-243,392,-599,127,580,-908,122,400,-910,325,600,-964,135,405,-962,334,521,-992,-268,396,-1004,-48,
384,283,-606,401,328,-608,416,332,-608,434,336,-608,369,318,-561,358,315,-561,347,312,-561,480,327,-441,357,300,-236,416,254,-543,384,248,-477,592,143,-311,334,139,-64,711,-86,-345,282,-87,-47,673,-249,-474,255,-217,-443,679,-305,-543,236,-272,-520,649,-297,-563,262,-260,-575,640,-273,-491,275,-239,-481,588,-283,-139,392,-272,143,567,-606,-232,392,-605,204,580,-917,154,399,-913,415,600,-972,168,404,-966,427,509,-1006,-239,396,-1011,31,
383,283,-595,400,329,-599,415,333,-600,433,337,-600,367,318,-551,356,315,-550,346,312,-551,480,329,-451,356,301,-227,416,255,-535,384,248,-466,594,140,-328,336,147,-54,708,-98,-344,279,-86,-15,666,-254,-450,255,-217,-382,670,-309,-514,237,-273,-450,641,-301,-530,263,-261,-505,633,-276,-464,276,-241,-418,590,-283,-145,392,-271,148,566,-613,-229,390,-608,224,570,-923,156,391,-917,423,590,-977,171,396,-969,433,494,-1014,-233,383,-1016,43,
384,285,-599,401,333,-600,416,337,-600,434,341,-600,368,320,-555,357,317,-555,347,313,-555,480,333,-450,356,302,-230,417,258,-535,384,251,-472,596,140,-317,337,154,-89,708,-97,-327,272,-84,-55,674,-252,-456,250,-224,-426,683,-307,-524,231,-281,-503,650,-299,-544,259,-271,-559,640,-275,-474,273,-250,-464,591,-279,-142,393,-266,145,568,-613,-224,390,-608,214,572,-924,156,393,-917,415,591,-978,170,397,-969,426,499,-1014,-239,387,-1016,32,
385,288,-605,402,335,-601,417,340,-602,435,345,-602,369,322,-559,358,318,-559,347,315,-559,480,336,-454,357,303,-243,417,261,-539,385,254,-474,599,140,-314,339,154,-119,710,-95,-312,269,-83,-77,690,-263,-453,252,-226,-483,705,-322,-524,234,-282,-565,668,-317,-552,262,-272,-619,656,-291,-475,275,-250,-520,593,-278,-136,394,-263,139,568,-614,-210,390,-609,210,571,-926,189,393,-917,415,591,-980,204,397,-969,428,500,-1015,-208,387,-1017,25,
385,289,-614,402,337,-613,418,342,-613,436,347,-613,369,323,-570,358,319,-570,347,315,-570,481,337,-462,357,304,-258,417,262,-551,385,255,-489,600,141,-313,341,154,-124,710,-94,-305,277,-17,-79,690,-261,-447,253,-223,-486,704,-318,-517,237,-279,-568,668,-313,-545,264,-268,-625,656,-286,-469,277,-247,-524,595,-276,-133,395,-261,137,568,-614,-207,390,-609,196,571,-926,191,392,-917,407,591,-980,206,397,-969,418,500,-1015,-208,387,-1017,19,
374,288,-565,392,336,-590,406,342,-590,421,346,-590,364,323,-522,357,319,-522,348,315,-522,476,337,-512,366,305,-207,410,262,-533,382,255,-439,600,139,-449,363,157,6,713,-99,-481,318,-37,152,667,-226,-515,301,-215,-150,662,-270,-585,283,-267,-196,635,-261,-586,299,-253,-254,633,-241,-525,311,-234,-189,607,-277,-186,415,-261,189,572,-616,-234,406,-609,320,574,-931,180,402,-919,605,595,-985,196,407,-970,625,500,-1019,-213,387,-1021,246,
335,288,-465,363,333,-506,378,337,-507,387,340,-507,349,323,-427,341,319,-427,338,316,-427,458,332,-506,374,306,-150,383,260,-459,362,255,-352,599,130,-472,363,165,27,706,-109,-504,318,-44,192,646,-232,-491,302,-188,-38,640,-277,-543,283,-233,-69,614,-266,-537,298,-227,-125,613,-244,-492,310,-209,-75,607,-277,-188,414,-258,191,564,-620,-248,403,-608,273,555,-938,146,386,-919,533,575,-991,163,388,-971,550,473,-1025,-214,356,-1022,133,
335,288,-473,363,330,-513,377,333,-513,386,336,-514,348,322,-434,343,319,-433,338,316,-434,457,329,-521,381,307,-149,381,259,-465,361,255,-358,599,128,-491,368,166,28,706,-116,-523,319,-45,203,646,-252,-515,301,-187,-37,641,-304,-572,283,-232,-72,616,-295,-570,297,-227,-129,613,-268,-518,309,-209,-75,607,-279,-192,414,-259,195,564,-626,-253,402,-608,270,554,-944,148,384,-922,499,575,-997,167,386,-974,514,473,-1031,-219,353,-1025,130,
341,288,-513,366,327,-522,376,329,-522,385,331,-522,350,321,-470,344,318,-470,340,316,-470,456,326,-549,387,307,-168,379,258,-470,360,254,-393,598,131,-492,376,165,11,710,-113,-615,340,-46,113,615,-122,-652,312,-156,-210,588,-134,-708,290,-198,-275,579,-109,-665,302,-183,-329,583,-102,-637,314,-167,-245,612,-279,-191,424,-259,193,573,-625,-187,413,-605,271,569,-939,224,399,-920,507,589,-990,241,405,-971,522,488,-1027,-142,359,-1023,159,
344,286,-594,367,323,-643,377,325,-643,386,328,-643,349,319,-564,345,317,-564,340,315,-564,454,324,-652,388,307,-271,381,255,-579,360,253,-473,599,131,-566,381,166,-51,728,-121,-690,335,-43,11,619,-142,-744,313,-105,-341,605,-170,-796,292,-130,-377,589,-150,-761,304,-114,-380,588,-138,-731,317,-106,-364,618,-280,-189,427,-259,191,578,-627,-119,415,-606,320,572,-941,352,400,-922,652,592,-992,375,405,-973,677,491,-1031,-32,359,-1027,285,
347,285,-559,369,322,-615,379,324,-615,388,326,-615,349,318,-531,347,316,-531,345,314,-532,455,322,-586,396,307,-270,382,254,-544,362,252,-440,599,135,-514,386,166,-17,677,-57,-719,347,-1,-153,530,110,-704,322,31,-637,487,149,-750,304,31,-702,505,175,-724,310,50,-701,515,161,-683,323,48,-660,619,-277,-190,446,-252,192,576,-529,-154,422,-499,339,583,-835,293,425,-820,618,606,-888,309,438,-870,637,507,-906,-85,368,-914,348,
347,285,-503,371,321,-544,381,323,-544,389,326,-544,352,317,-465,351,316,-464,348,314,-465,455,322,-541,397,308,-179,384,254,-484,362,252,-382,596,138,-490,391,163,66,678,-47,-783,349,-14,-72,530,120,-862,319,-41,-495,484,160,-930,299,-62,-557,499,187,-854,309,-42,-584,508,172,-833,322,-35,-526,619,-278,-204,447,-254,206,575,-544,-167,423,-517,350,583,-851,256,424,-836,608,607,-905,274,436,-888,626,507,-925,-81,369,-931,333,
347,284,-510,371,321,-567,382,323,-567,391,325,-567,354,317,-478,355,316,-478,350,314,-479,456,321,-560,401,308,-198,385,254,-503,363,252,-389,594,138,-512,396,163,38,681,-51,-763,359,-20,-50,545,99,-799,328,-62,-480,507,137,-858,307,-86,-542,518,164,-792,317,-65,-568,525,149,-774,331,-56,-512,621,-277,-203,447,-253,206,576,-559,-157,423,-536,381,582,-868,256,420,-854,655,605,-922,275,431,-906,674,506,-947,-80,368,-950,360,
349,284,-626,372,321,-677,383,323,-677,392,325,-677,355,317,-599,355,316,-599,350,314,-599,457,320,-673,402,308,-322,386,253,-609,363,252,-507,659,147,-578,396,165,-76,709,-57,-742,353,-21,-98,562,43,-770,326,-65,-493,529,62,-823,306,-92,-551,534,95,-768,311,-67,-579,538,88,-748,324,-58,-524,621,-277,-203,445,-251,205,575,-542,-161,423,-517,370,581,-851,262,419,-835,677,604,-905,284,428,-886,700,506,-928,-53,361,-933,413,
350,283,-677,373,320,-717,384,322,-717,393,324,-717,356,316,-643,356,315,-643,352,313,-643,458,318,-674,402,308,-336,388,252,-642,366,250,-546,633,136,-598,394,167,-56,686,-61,-833,349,-9,-96,533,87,-879,323,-30,-462,489,123,-937,301,-47,-504,504,156,-871,306,-26,-519,512,142,-853,321,-21,-486,618,-281,-202,444,-252,204,566,-551,-114,412,-530,436,571,-862,343,404,-848,783,592,-913,368,415,-899,808,497,-942,16,349,-946,493,
382,282,-819,401,320,-849,413,322,-849,429,325,-850,377,316,-782,373,315,-782,367,313,-783,489,319,-759,402,307,-450,417,249,-767,391,247,-680,627,124,-652,393,170,-114,687,-63,-809,347,11,-73,539,68,-816,322,22,-377,494,97,-865,300,17,-409,508,131,-814,299,36,-422,517,121,-794,315,35,-397,617,-281,-201,443,-249,203,562,-552,-128,407,-527,419,563,-863,303,399,-844,777,583,-917,325,409,-893,803,493,-938,-31,347,-940,491,
399,280,-838,418,321,-862,433,325,-862,451,329,-863,387,316,-802,380,314,-801,371,313,-802,505,325,-764,401,307,-473,435,249,-785,403,245,-703,624,121,-634,392,169,-202,721,-106,-653,346,-42,-52,642,-238,-703,323,-173,-298,634,-287,-773,307,-225,-339,610,-272,-783,313,-209,-401,606,-248,-710,327,-190,-335,617,-283,-196,437,-255,199,566,-599,-128,408,-583,393,562,-915,407,398,-901,751,581,-967,435,407,-952,780,489,-1011,24,351,-1012,407,
403,279,-826,423,322,-851,438,326,-852,457,331,-852,391,316,-791,383,314,-790,373,312,-791,509,327,-759,401,307,-466,440,249,-774,407,245,-691,621,121,-629,392,169,-191,728,-119,-610,346,-53,-5,646,-248,-638,323,-192,-253,635,-297,-702,308,-246,-295,612,-280,-708,316,-231,-365,609,-256,-642,329,-210,-293,617,-285,-196,431,-256,198,566,-608,-136,407,-590,385,558,-923,387,392,-908,714,577,-976,414,400,-960,741,483,-1019,7,351,-1019,398,
411,279,-820,429,323,-836,445,328,-836,463,334,-836,396,316,-778,387,314,-778,376,312,-778,513,329,-715,401,307,-432,446,249,-757,413,244,-679,620,120,-615,391,169,-147,726,-128,-604,338,-50,11,639,-219,-662,319,-161,-303,626,-257,-752,307,-201,-345,606,-235,-768,315,-185,-389,605,-216,-687,328,-171,-338,617,-290,-195,428,-262,197,567,-610,-138,406,-591,363,559,-926,384,389,-911,699,578,-980,409,396,-962,724,483,-1018,-6,352,-1019,332,
412,279,-851,430,323,-871,446,328,-871,465,334,-872,398,316,-811,388,314,-811,378,312,-811,515,329,-748,400,307,-461,447,248,-790,414,244,-708,619,118,-615,391,169,-162,728,-133,-609,336,-49,6,644,-233,-753,318,-155,-323,632,-274,-837,306,-200,-370,610,-253,-838,315,-181,-391,609,-233,-764,327,-165,-356,618,-293,-194,427,-266,197,568,-621,-107,405,-604,389,559,-938,460,386,-924,803,578,-992,490,392,-975,836,483,-1032,60,352,-1035,415,
421,280,-940,441,328,-949,458,333,-949,477,338,-949,404,319,-897,393,316,-896,382,314,-897,522,332,-783,400,308,-535,455,250,-864,418,245,-794,619,119,-629,390,170,-211,735,-133,-689,337,-45,-65,658,-218,-882,318,-149,-431,645,-252,-965,304,-188,-486,629,-228,-957,314,-172,-544,626,-211,-887,326,-157,-470,618,-293,-192,427,-266,194,571,-617,-112,405,-599,379,559,-933,440,387,-919,754,578,-987,468,393,-971,781,488,-1024,47,352,-1028,407,
421,287,-926,444,335,-931,461,340,-931,481,344,-931,407,325,-882,396,323,-882,385,321,-882,525,335,-759,400,312,-521,455,255,-846,419,251,-781,618,119,-615,389,170,-207,734,-128,-685,337,-35,-109,653,-197,-874,317,-134,-494,638,-225,-955,304,-178,-554,626,-200,-945,313,-151,-609,623,-186,-878,326,-138,-531,618,-290,-188,427,-263,190,569,-599,-97,402,-579,377,559,-910,461,385,-894,743,579,-963,491,392,-943,771,489,-998,102,351,-1001,394,
422,289,-956,445,338,-963,463,342,-963,483,346,-963,408,328,-913,397,325,-913,386,323,-913,527,337,-786,400,314,-548,456,256,-876,420,252,-809,618,119,-624,389,170,-225,735,-125,-702,337,-31,-112,658,-201,-899,318,-133,-482,645,-232,-983,305,-174,-539,632,-207,-976,313,-150,-595,628,-192,-904,326,-137,-519,618,-289,-187,427,-261,189,569,-598,-75,402,-578,378,560,-909,510,383,-893,783,579,-962,542,390,-942,814,490,-997,139,350,-1001,418,
421,295,-860,444,342,-850,461,346,-850,480,350,-850,408,332,-808,398,330,-808,387,327,-808,526,339,-682,401,318,-459,454,263,-782,420,260,-724,620,122,-534,385,170,-199,736,-124,-519,327,-58,-102,676,-263,-620,317,-203,-427,677,-318,-694,305,-262,-495,648,-308,-706,319,-247,-573,642,-281,-633,330,-224,-468,618,-290,-182,423,-264,185,569,-607,-159,399,-590,321,559,-920,373,381,-904,655,578,-975,398,386,-956,679,486,-1013,-30,350,-1012,271,
419,295,-733,441,342,-739,458,346,-740,477,349,-740,408,332,-692,399,330,-692,390,328,-693,524,339,-612,408,319,-380,452,263,-675,419,260,-610,622,127,-451,383,169,-190,729,-123,-424,324,-76,-103,669,-256,-527,317,-220,-423,661,-305,-598,306,-277,-490,641,-293,-611,323,-262,-555,638,-268,-541,334,-240,-462,618,-290,-154,421,-264,157,569,-609,-180,398,-594,221,559,-922,277,381,-906,490,578,-976,296,386,-958,508,488,-1013,-119,356,-1012,108,
418,295,-706,440,341,-715,456,345,-715,475,349,-715,408,332,-666,400,330,-665,392,328,-666,523,339,-593,412,320,-355,451,264,-650,419,260,-582,624,131,-434,382,168,-185,726,-123,-410,322,-82,-102,663,-257,-513,318,-224,-421,655,-307,-584,306,-281,-489,635,-296,-597,325,-266,-548,633,-270,-527,336,-243,-459,618,-290,-146,420,-264,150,570,-611,-190,397,-596,210,560,-923,260,381,-907,478,578,-977,278,386,-960,496,489,-1013,-135,360,-1012,97,
416,295,-592,438,341,-623,451,345,-623,468,348,-623,408,332,-558,400,330,-558,392,328,-558,520,337,-568,413,320,-272,447,264,-558,418,260,-474,619,137,-439,381,170,-32,606,-101,-551,319,-58,-212,436,-7,-473,318,-12,-785,384,6,-493,307,-6,-863,404,44,-450,325,19,-849,407,38,-450,334,19,-802,603,-286,-171,416,-258,174,546,-597,-241,384,-583,243,529,-914,117,362,-900,484,546,-968,127,368,-951,493,455,-994,-245,318,-996,153,
416,294,-540,437,341,-567,451,345,-567,467,347,-567,407,332,-506,399,330,-506,391,328,-507,520,335,-496,410,317,-222,447,262,-496,418,259,-419,602,139,-476,390,167,42,543,-32,-577,314,-18,-195,377,55,-491,304,28,-796,327,62,-527,290,28,-880,343,96,-504,307,51,-873,359,92,-474,320,49,-816,598,-281,-201,426,-253,202,516,-484,-284,374,-453,260,517,-800,76,365,-786,491,541,-859,94,372,-837,502,438,-855,-193,297,-875,232,
417,294,-597,437,340,-601,451,344,-601,468,347,-601,408,331,-550,400,329,-550,392,327,-550,520,334,-439,410,317,-205,447,262,-529,418,259,-462,604,139,-378,385,171,44,594,-49,-624,309,-23,-271,476,21,-780,300,40,-1029,438,33,-838,285,51,-1138,422,59,-783,296,71,-1124,430,59,-759,313,64,-1050,592,-283,-190,407,-254,192,527,-547,-248,371,-515,231,522,-857,101,354,-837,439,541,-912,108,360,-888,447,447,-919,-296,307,-921,75,
417,294,-566,436,340,-575,451,344,-575,468,346,-575,408,331,-522,400,329,-522,392,327,-522,519,334,-443,410,317,-196,447,262,-507,418,259,-437,603,139,-385,381,171,39,623,-54,-607,303,-25,-264,479,13,-698,296,43,-959,435,27,-724,281,60,-1058,410,58,-653,288,82,-1041,416,47,-657,306,72,-978,586,-285,-185,399,-256,187,526,-571,-237,362,-545,242,512,-884,111,341,-865,462,528,-937,119,347,-914,471,442,-950,-277,299,-953,108,
417,292,-574,436,338,-609,450,342,-610,467,344,-610,408,330,-526,400,328,-525,391,326,-526,519,333,-500,409,316,-236,447,260,-535,418,257,-455,604,135,-386,381,172,-87,658,-106,-390,305,-48,-84,566,-197,-473,297,-164,-403,550,-235,-531,282,-215,-473,529,-219,-528,297,-201,-527,527,-200,-477,312,-182,-438,588,-284,-162,401,-255,165,529,-585,-239,362,-567,216,513,-899,140,342,-884,422,529,-953,153,352,-935,432,443,-978,-250,318,-980,44,
416,290,-678,436,337,-701,450,341,-701,467,344,-701,406,329,-636,398,328,-635,388,326,-636,519,333,-588,408,316,-312,446,259,-628,417,256,-547,607,124,-411,379,174,-121,711,-124,-451,305,-48,25,655,-266,-542,294,-181,-243,655,-317,-601,278,-235,-296,625,-305,-566,296,-223,-355,618,-279,-542,310,-204,-280,589,-286,-158,399,-256,161,533,-617,-161,366,-594,254,518,-926,327,344,-905,599,535,-979,350,349,-955,624,447,-1016,-86,320,-1011,182,
415,289,-679,436,337,-700,450,340,-700,467,343,-701,405,329,-638,397,327,-637,387,326,-637,519,332,-588,407,316,-312,446,257,-629,417,255,-548,610,119,-427,378,175,-111,721,-129,-442,305,-48,64,663,-273,-531,293,-186,-194,662,-325,-595,276,-240,-244,633,-313,-592,295,-229,-302,626,-288,-540,309,-209,-230,589,-288,-158,399,-257,161,536,-626,-155,368,-603,270,521,-934,329,347,-912,615,538,-986,351,351,-961,640,449,-1024,-80,321,-1019,208,
411,286,-627,433,335,-648,447,338,-648,465,342,-648,402,326,-584,392,324,-583,383,322,-583,516,331,-560,404,314,-254,444,255,-582,415,252,-495,610,118,-426,375,173,-52,725,-133,-430,304,-57,118,665,-288,-509,288,-204,-160,665,-345,-571,272,-261,-209,633,-334,-579,292,-249,-266,627,-306,-518,306,-228,-196,592,-292,-164,400,-261,167,540,-622,-199,370,-600,293,523,-932,274,348,-911,604,541,-986,296,353,-962,626,451,-1021,-140,323,-1017,225,
406,285,-592,431,334,-612,445,338,-613,463,341,-613,398,324,-548,388,322,-548,380,320,-548,514,331,-533,401,312,-220,443,254,-549,413,251,-460,610,118,-418,373,173,-19,723,-132,-424,302,-60,120,659,-288,-492,286,-207,-181,657,-346,-553,269,-264,-232,626,-335,-561,290,-252,-288,621,-307,-501,304,-231,-217,594,-293,-170,400,-262,173,541,-619,-229,372,-598,299,523,-930,208,349,-910,592,542,-985,227,354,-961,612,452,-1018,-194,323,-1015,221,
397,280,-613,424,330,-631,437,334,-632,453,338,-632,391,321,-569,380,319,-568,372,317,-569,508,328,-536,398,311,-227,436,250,-565,406,247,-478,614,113,-431,372,171,3,722,-135,-448,302,-60,176,668,-286,-519,286,-207,-127,670,-342,-577,270,-264,-171,638,-330,-561,293,-253,-231,632,-304,-524,306,-232,-164,594,-299,-179,399,-268,183,542,-625,-245,371,-601,341,522,-938,187,347,-915,640,541,-993,205,349,-967,662,445,-1027,-226,321,-1019,263,
396,279,-597,420,329,-620,433,332,-620,447,336,-620,388,320,-552,379,318,-552,371,316,-552,504,327,-539,398,311,-216,433,248,-556,404,245,-462,616,112,-434,372,170,0,721,-135,-442,302,-61,151,666,-285,-481,287,-208,-148,668,-341,-540,271,-266,-194,636,-330,-546,296,-256,-251,630,-303,-489,308,-234,-184,593,-302,-179,398,-269,182,541,-628,-237,369,-602,327,520,-941,190,342,-916,618,538,-996,208,343,-969,636,439,-1029,-212,318,-1020,244,
396,277,-623,420,328,-642,433,331,-642,448,335,-643,388,319,-574,379,317,-573,371,316,-573,504,326,-540,396,310,-231,433,247,-571,404,244,-474,615,112,-436,372,170,-5,718,-140,-442,302,-56,118,660,-280,-488,288,-201,-228,659,-332,-550,272,-259,-282,629,-318,-557,297,-248,-335,624,-294,-495,310,-227,-264,592,-304,-179,395,-270,183,537,-627,-236,363,-602,347,515,-940,188,337,-915,648,533,-995,206,338,-968,669,431,-1029,-225,312,-1020,268,
397,275,-662,420,324,-685,433,328,-685,448,331,-686,389,317,-617,379,316,-617,371,314,-617,504,324,-568,396,310,-248,434,244,-604,405,241,-510,615,110,-469,372,179,-2,722,-144,-511,304,-13,128,662,-274,-569,288,-123,-228,660,-324,-632,272,-168,-272,632,-307,-632,296,-157,-323,626,-285,-573,310,-145,-263,593,-299,-182,395,-266,186,537,-626,-212,363,-601,365,514,-939,220,335,-915,700,532,-993,238,335,-966,724,430,-1029,-214,313,-1019,290,
399,272,-680,421,322,-707,434,325,-707,449,329,-707,389,315,-638,380,314,-637,372,313,-637,504,322,-604,396,310,-272,434,241,-627,405,238,-532,616,110,-508,379,179,-1,727,-146,-574,306,-5,228,664,-279,-660,288,-75,23,660,-333,-726,270,-108,3,630,-314,-730,291,-95,-45,625,-290,-665,306,-87,-6,596,-299,-194,397,-266,198,542,-626,-220,366,-600,418,518,-938,220,339,-914,775,537,-992,238,339,-965,802,433,-1028,-212,319,-1019,384,
400,271,-669,421,321,-701,434,324,-702,449,327,-702,390,314,-626,382,313,-626,373,312,-626,505,321,-602,397,309,-257,434,240,-618,405,237,-520,616,110,-501,383,179,36,726,-146,-580,306,8,239,660,-280,-657,285,-15,-7,656,-336,-720,266,-32,-32,626,-315,-727,284,-20,-73,622,-291,-662,301,-19,-35,597,-299,-201,399,-266,204,543,-626,-227,367,-600,421,519,-938,211,339,-914,773,537,-992,228,340,-965,798,434,-1027,-223,319,-1018,385,
403,271,-667,423,319,-699,436,322,-699,452,326,-700,392,313,-626,383,313,-625,374,312,-625,506,320,-573,398,309,-246,436,240,-614,407,236,-518,616,108,-494,383,182,51,725,-149,-591,300,34,188,659,-277,-679,279,40,-107,654,-330,-737,259,36,-147,626,-309,-740,276,45,-186,621,-286,-682,295,41,-140,596,-298,-201,397,-265,204,540,-625,-221,361,-599,409,510,-937,215,333,-913,759,527,-991,232,333,-960,784,431,-1027,-217,312,-1017,359,
404,269,-736,424,318,-760,437,321,-760,453,325,-761,392,312,-694,383,311,-693,375,310,-693,506,320,-636,398,308,-320,437,238,-676,408,235,-586,616,108,-518,382,182,-38,726,-148,-581,303,18,111,662,-275,-671,284,-84,-230,659,-326,-738,263,-138,-272,630,-306,-737,284,-125,-328,625,-284,-674,301,-110,-266,596,-297,-200,396,-264,203,540,-624,-182,361,-599,440,511,-937,291,334,-912,848,529,-991,313,335,-959,881,431,-1027,-141,313,-1017,451,
405,267,-619,424,316,-649,437,320,-649,453,324,-649,392,310,-583,384,310,-582,375,309,-582,506,319,-568,398,308,-248,438,237,-575,408,233,-484,616,108,-486,384,182,-33,725,-148,-505,306,14,108,661,-273,-527,288,-138,-238,657,-324,-589,265,-196,-282,629,-304,-579,288,-185,-337,623,-282,-526,305,-167,-275,597,-295,-196,397,-263,200,546,-626,-188,366,-601,431,524,-938,271,349,-912,823,543,-991,291,349,-959,856,443,-1029,-146,334,-1018,443,
405,267,-599,424,315,-628,437,319,-628,453,323,-628,392,309,-562,384,309,-562,375,308,-562,507,319,-551,398,308,-232,438,236,-556,409,233,-466,616,108,-472,384,182,-30,725,-147,-483,311,7,109,660,-272,-503,295,-161,-230,656,-322,-565,271,-219,-274,628,-303,-556,294,-209,-328,622,-281,-503,311,-190,-266,597,-293,-192,397,-262,196,550,-627,-192,370,-603,431,531,-939,254,357,-912,823,551,-990,273,357,-959,856,450,-1030,-152,343,-1018,447,
405,267,-608,424,315,-638,437,319,-638,453,323,-639,392,309,-571,384,309,-570,375,308,-571,506,318,-538,399,308,-234,438,236,-567,409,233,-477,616,110,-444,384,185,-4,708,-147,-519,309,7,-20,634,-214,-650,294,-103,-590,624,-240,-723,271,-140,-669,609,-215,-707,294,-126,-704,605,-203,-649,311,-116,-625,595,-284,-183,395,-252,186,547,-622,-170,367,-596,370,525,-930,255,353,-903,739,542,-979,272,353,-948,766,448,-1019,-159,339,-1008,315,
402,270,-618,423,320,-643,436,324,-643,452,328,-643,391,312,-577,382,311,-577,373,310,-577,506,321,-539,398,309,-234,436,239,-573,407,235,-483,617,110,-447,380,183,-2,708,-145,-485,309,-29,138,636,-262,-581,295,-178,-192,624,-313,-652,273,-234,-239,610,-300,-656,295,-224,-300,605,-275,-588,311,-203,-230,594,-285,-182,395,-253,186,545,-622,-172,366,-596,368,523,-930,255,349,-903,722,539,-979,272,350,-948,748,445,-1018,-164,332,-1007,324,
401,274,-615,422,323,-636,436,327,-636,452,331,-637,390,315,-572,381,313,-571,372,312,-572,506,323,-540,395,309,-233,436,243,-570,407,238,-481,618,110,-448,378,184,-2,713,-141,-476,312,-31,182,647,-264,-557,297,-176,-102,640,-314,-625,276,-231,-139,619,-300,-624,296,-220,-200,613,-276,-562,312,-201,-139,594,-284,-177,395,-252,180,545,-622,-157,367,-596,352,523,-929,303,349,-901,712,539,-978,326,350,-946,740,445,-1018,-99,333,-1006,319,
401,276,-613,422,325,-633,436,329,-633,452,333,-633,390,316,-569,381,315,-568,371,313,-569,506,324,-538,393,309,-232,436,244,-567,406,240,-479,618,110,-447,378,186,-2,714,-140,-470,315,-30,190,650,-264,-541,297,-167,-87,646,-314,-605,277,-219,-122,622,-299,-604,296,-208,-183,616,-276,-546,312,-190,-123,594,-281,-173,395,-250,176,545,-621,-154,367,-593,337,522,-927,307,349,-898,685,538,-975,329,349,-943,711,445,-1016,-93,333,-1004,292,
401,276,-632,422,325,-644,436,329,-644,452,333,-644,390,317,-584,380,315,-583,371,313,-583,506,325,-540,393,309,-238,435,245,-579,406,240,-495,618,110,-440,376,185,0,716,-138,-452,315,-29,209,661,-269,-533,296,-163,-53,661,-321,-596,276,-214,-86,633,-306,-602,295,-202,-145,626,-283,-540,311,-185,-87,594,-282,-173,395,-250,176,544,-615,-213,367,-587,325,517,-921,193,343,-893,622,533,-972,210,344,-940,642,441,-1009,-211,323,-997,243,
398,276,-630,421,326,-643,435,329,-644,451,333,-644,387,317,-582,378,315,-581,369,313,-581,506,325,-538,392,309,-234,434,245,-578,404,240,-492,618,108,-444,375,184,12,715,-137,-462,317,-33,221,662,-276,-523,301,-179,-56,665,-329,-585,282,-235,-90,635,-318,-591,302,-227,-149,628,-293,-529,317,-207,-92,591,-286,-178,395,-254,181,540,-616,-213,365,-588,344,512,-924,204,339,-895,628,528,-975,222,340,-942,654,433,-1011,-200,317,-998,280,
398,276,-639,421,326,-649,435,329,-650,451,333,-650,387,317,-590,378,315,-590,369,313,-590,506,325,-537,390,309,-236,433,245,-582,403,240,-499,618,108,-433,374,180,11,715,-136,-452,318,-41,204,665,-276,-531,302,-190,-86,668,-328,-594,283,-247,-123,638,-316,-593,303,-238,-183,631,-292,-537,318,-217,-121,589,-288,-178,395,-257,181,538,-617,-215,365,-590,344,511,-924,197,340,-896,652,527,-975,214,341,-944,676,432,-1011,-206,316,-998,284,
395,277,-620,418,326,-639,431,329,-639,447,333,-639,386,317,-572,378,315,-571,369,313,-571,504,325,-537,391,309,-219,430,245,-573,401,241,-481,616,109,-465,374,179,28,712,-135,-492,316,-39,194,655,-280,-536,300,-183,-111,655,-337,-599,280,-238,-156,623,-324,-598,300,-227,-221,618,-299,-541,315,-208,-152,588,-292,-184,394,-259,187,531,-617,-215,361,-590,388,505,-924,203,332,-896,722,522,-976,221,333,-944,749,422,-1011,-202,305,-999,360,
393,277,-610,416,326,-631,430,329,-632,444,333,-632,386,317,-562,378,315,-561,369,313,-562,502,325,-538,391,309,-212,428,245,-566,399,241,-471,615,109,-475,374,179,32,710,-134,-502,316,-38,189,649,-283,-531,298,-181,-139,648,-341,-595,279,-236,-185,616,-328,-596,300,-226,-249,611,-303,-535,314,-207,-181,586,-294,-187,392,-261,190,527,-617,-214,358,-590,400,501,-925,208,327,-896,741,519,-977,226,327,-945,768,416,-1012,-198,299,-1000,378,
392,277,-588,416,325,-613,429,329,-613,443,333,-614,386,317,-545,378,315,-544,369,314,-544,502,324,-533,394,309,-204,428,245,-548,399,241,-453,615,108,-473,374,179,29,710,-134,-501,315,-36,147,650,-289,-533,298,-180,-223,650,-347,-598,278,-234,-272,617,-334,-600,299,-225,-333,611,-308,-537,314,-205,-262,583,-294,-187,387,-260,190,524,-622,-171,349,-592,433,494,-929,280,317,-898,852,511,-978,302,316,-945,888,414,-1017,-117,297,-1003,479,
391,277,-556,413,325,-584,425,329,-585,439,332,-585,385,318,-513,378,316,-512,370,314,-513,499,324,-520,398,310,-178,425,245,-521,398,242,-423,615,107,-467,376,178,36,714,-134,-501,316,-33,174,655,-298,-531,296,-151,-145,655,-360,-591,275,-195,-185,620,-347,-596,295,-185,-237,614,-320,-535,311,-171,-179,581,-295,-188,386,-261,191,521,-623,-211,348,-592,418,492,-931,177,315,-898,800,509,-981,191,315,-945,830,411,-1018,-230,291,-1003,424,
380,278,-503,402,324,-540,413,327,-540,425,329,-540,378,317,-464,373,316,-464,367,314,-464,486,320,-516,398,309,-157,413,245,-484,388,242,-380,614,107,-470,382,174,29,711,-134,-500,326,-42,159,655,-300,-469,312,-190,-146,656,-361,-526,291,-242,-186,620,-350,-527,311,-235,-243,615,-324,-471,326,-217,-180,579,-299,-183,386,-264,186,519,-637,-140,348,-602,371,491,-945,293,317,-910,711,507,-994,313,317,-954,738,412,-1029,-79,294,-1016,353,
372,278,-428,394,322,-472,405,324,-472,417,326,-472,373,316,-393,368,315,-392,364,314,-392,474,318,-492,400,309,-113,406,245,-425,381,242,-315,610,112,-466,387,162,27,707,-131,-499,333,-59,140,648,-298,-471,320,-211,-143,652,-357,-534,298,-262,-187,615,-346,-534,321,-253,-245,610,-321,-476,335,-235,-179,579,-301,-183,391,-268,186,520,-643,-153,356,-609,298,495,-951,287,335,-915,555,511,-1001,305,337,-960,574,418,-1030,-112,306,-1017,203,
366,277,-433,387,317,-477,399,319,-477,410,321,-478,367,312,-401,363,312,-401,360,311,-401,466,315,-493,401,307,-122,401,244,-427,377,242,-320,613,115,-450,386,157,-3,709,-130,-468,331,-70,89,649,-300,-453,318,-218,-171,653,-359,-517,296,-269,-222,616,-349,-520,320,-257,-277,610,-324,-460,333,-240,-206,582,-301,-181,393,-268,184,524,-641,-159,361,-608,323,506,-950,256,345,-915,625,524,-1000,271,346,-959,647,428,-1029,-114,320,-1016,234,
364,277,-437,386,315,-479,397,317,-479,409,319,-479,365,311,-401,361,311,-401,357,310,-401,462,313,-486,401,305,-113,398,244,-427,374,241,-319,607,116,-454,391,158,26,708,-124,-488,338,-68,92,652,-300,-468,325,-212,-162,660,-360,-531,305,-262,-215,622,-354,-527,326,-253,-273,616,-328,-472,339,-235,-200,582,-301,-183,396,-268,185,524,-640,-193,362,-608,316,504,-950,180,344,-915,577,521,-1002,194,346,-960,595,424,-1029,-184,311,-1016,226,
363,276,-444,384,313,-485,395,315,-485,407,317,-485,363,309,-409,360,308,-408,356,307,-408,461,311,-486,401,304,-116,397,243,-433,373,240,-326,607,116,-454,391,156,22,707,-124,-494,337,-66,81,651,-300,-482,322,-214,-232,659,-360,-548,300,-265,-287,621,-352,-545,323,-255,-344,615,-327,-487,336,-238,-270,582,-301,-181,396,-269,184,524,-640,-168,362,-608,358,504,-949,235,344,-914,717,521,-1001,252,345,-959,748,426,-1028,-132,313,-1016,371,
359,274,-440,382,311,-483,394,312,-483,406,314,-483,360,307,-406,357,307,-405,353,306,-406,460,308,-489,399,302,-121,394,240,-431,369,238,-324,607,114,-453,390,156,19,705,-125,-485,336,-64,97,646,-300,-451,321,-212,-195,653,-359,-509,298,-263,-246,616,-351,-506,321,-254,-304,610,-326,-454,334,-236,-233,580,-301,-179,395,-268,182,521,-640,-171,359,-608,322,499,-949,217,340,-914,610,516,-1000,233,342,-959,632,424,-1028,-144,311,-1017,257,
358,274,-425,380,310,-469,392,312,-469,404,314,-469,359,307,-391,355,306,-390,352,306,-391,457,308,-486,399,301,-112,392,240,-419,368,238,-311,607,115,-445,389,155,19,705,-125,-485,335,-68,101,646,-302,-468,320,-219,-152,652,-362,-527,298,-270,-199,615,-354,-522,320,-260,-255,609,-329,-471,333,-242,-188,579,-301,-175,394,-269,178,520,-640,-174,359,-608,306,498,-949,197,339,-914,579,514,-1000,212,342,-959,600,422,-1028,-168,309,-1017,232,
358,274,-427,380,310,-474,392,311,-474,403,313,-474,359,306,-393,356,306,-393,352,305,-393,456,307,-493,399,301,-115,392,240,-425,368,238,-313,602,115,-460,391,155,20,705,-125,-494,337,-67,138,644,-299,-468,321,-217,-101,647,-356,-527,300,-268,-143,611,-348,-524,321,-259,-205,606,-323,-470,334,-241,-139,579,-302,-175,394,-269,178,518,-641,-175,358,-608,303,493,-950,199,332,-915,553,508,-1002,215,334,-961,571,414,-1029,-168,302,-1018,206,
356,274,-394,378,310,-441,390,312,-441,401,314,-442,358,306,-358,355,306,-358,351,305,-358,453,307,-472,399,300,-77,388,241,-394,365,239,-279,596,116,-464,391,155,85,698,-111,-514,349,-67,253,641,-286,-472,332,-215,29,646,-344,-533,312,-261,-3,611,-337,-531,329,-253,-68,605,-313,-476,341,-235,-9,579,-297,-188,397,-266,191,518,-637,-237,362,-604,301,493,-948,109,333,-912,522,509,-1000,122,334,-959,537,414,-1025,-253,302,-1011,185,
353,274,-380,377,310,-428,389,312,-428,400,314,-429,358,306,-344,355,306,-344,351,305,-344,453,307,-462,399,301,-64,386,241,-380,363,239,-266,587,116,-472,390,157,104,687,-112,-516,349,-66,243,627,-274,-438,332,-213,-10,630,-329,-490,311,-259,-45,597,-320,-485,329,-251,-105,593,-297,-437,342,-233,-49,577,-297,-200,397,-265,203,513,-636,-265,359,-602,307,482,-948,69,324,-911,532,498,-1000,81,325,-959,546,397,-1022,-285,282,-1008,200,
354,274,-393,377,310,-442,389,312,-442,400,314,-443,358,306,-359,355,306,-358,351,305,-358,453,307,-470,399,300,-81,387,241,-395,364,239,-281,589,116,-490,397,157,83,690,-113,-522,359,-66,217,633,-277,-436,332,-211,-47,639,-333,-488,310,-256,-87,606,-325,-486,328,-247,-143,601,-303,-435,341,-230,-84,580,-297,-201,403,-265,204,519,-636,-258,365,-602,324,492,-948,93,333,-912,558,510,-1000,105,335,-959,572,410,-1022,-266,291,-1008,250,
355,274,-397,378,310,-445,389,312,-445,400,314,-446,358,306,-362,355,305,-362,351,305,-362,453,307,-484,400,300,-82,387,241,-399,365,239,-284,593,116,-490,397,157,68,691,-115,-528,358,-67,178,632,-288,-457,331,-214,-78,637,-348,-515,309,-261,-119,601,-342,-512,328,-254,-175,596,-317,-457,341,-235,-114,580,-297,-200,403,-265,202,519,-637,-249,364,-603,356,492,-948,100,332,-912,621,510,-1000,113,334,-959,641,408,-1022,-265,292,-1008,299,
355,273,-401,378,309,-449,389,311,-449,400,313,-450,358,305,-368,355,305,-367,351,304,-368,454,307,-479,400,300,-88,387,241,-399,365,239,-287,594,115,-487,393,163,81,684,-123,-526,343,-44,157,615,-264,-416,318,-173,-175,615,-311,-458,291,-218,-215,586,-299,-447,315,-211,-259,583,-279,-410,330,-195,-210,576,-298,-201,398,-264,204,510,-637,-241,354,-602,361,476,-948,115,313,-911,628,492,-1000,128,313,-958,648,385,-1022,-246,270,-1008,306,
355,273,-432,378,309,-474,389,311,-474,401,313,-475,358,305,-394,355,304,-393,351,304,-394,454,306,-485,400,299,-98,388,241,-423,365,239,-312,594,114,-485,393,163,65,685,-128,-525,340,-45,157,617,-287,-441,315,-182,-154,619,-341,-493,289,-230,-194,588,-330,-491,311,-223,-246,584,-307,-440,326,-207,-190,576,-298,-198,397,-264,201,511,-637,-226,353,-603,361,478,-948,138,315,-912,648,494,-1000,152,315,-959,670,389,-1024,-237,275,-1010,308,
356,273,-441,378,309,-487,389,311,-487,401,313,-487,358,305,-405,355,304,-404,351,304,-405,454,306,-499,400,299,-109,388,240,-433,365,239,-321,595,112,-487,393,168,53,686,-128,-519,339,-39,151,626,-287,-426,314,-178,-157,630,-341,-474,289,-227,-198,600,-330,-474,311,-219,-253,594,-307,-426,326,-203,-195,576,-298,-197,397,-263,200,511,-636,-204,354,-602,378,479,-947,196,316,-910,709,495,-997,213,317,-956,737,392,-1023,-178,276,-1010,364,
356,273,-439,378,309,-483,389,311,-483,401,313,-484,358,305,-403,355,304,-403,352,304,-403,454,306,-491,400,299,-109,388,240,-430,365,239,-320,599,110,-474,391,166,46,693,-128,-509,336,-46,142,643,-289,-447,314,-192,-150,650,-345,-503,289,-244,-192,616,-336,-510,311,-238,-248,610,-311,-452,326,-219,-188,578,-299,-195,397,-265,198,518,-637,-225,359,-603,344,492,-947,139,328,-910,607,509,-997,152,329,-956,627,409,-1023,-234,292,-1009,275,
357,272,-436,379,308,-480,390,310,-480,401,312,-480,359,304,-402,356,303,-401,352,303,-401,455,306,-487,400,299,-109,389,240,-426,366,239,-318,602,110,-447,391,166,33,693,-118,-478,335,-47,117,643,-286,-449,314,-192,-181,649,-343,-505,289,-243,-232,616,-334,-513,311,-237,-288,610,-309,-453,326,-218,-219,577,-296,-176,396,-262,179,518,-634,-200,358,-600,286,492,-943,164,328,-908,516,509,-994,179,329,-954,532,411,-1020,-197,293,-1008,169,
357,271,-446,379,307,-490,390,309,-490,401,311,-490,359,303,-411,356,303,-410,352,302,-411,455,306,-497,401,298,-116,389,239,-436,367,238,-326,603,110,-458,391,160,15,704,-119,-498,333,-53,108,659,-303,-494,315,-209,-183,669,-365,-558,292,-263,-233,632,-361,-567,314,-257,-292,624,-335,-501,328,-238,-221,580,-303,-177,396,-269,180,519,-640,-136,358,-607,369,495,-949,291,329,-912,733,512,-1000,311,331,-957,764,413,-1026,-80,297,-1015,389,
357,271,-443,379,307,-485,390,309,-485,401,311,-486,359,303,-407,356,303,-407,352,302,-407,455,306,-494,401,298,-114,389,239,-434,367,237,-325,603,110,-457,391,156,14,708,-119,-499,328,-61,109,664,-308,-512,315,-217,-173,674,-371,-577,292,-271,-221,636,-367,-585,315,-264,-280,628,-341,-519,328,-245,-211,580,-305,-178,396,-272,181,519,-642,-155,358,-610,365,496,-951,248,330,-914,690,513,-1003,265,332,-959,716,415,-1028,-124,298,-1017,346,
358,271,-442,379,307,-485,390,309,-485,401,311,-486,359,303,-407,356,303,-407,352,302,-407,455,306,-495,401,298,-115,390,239,-434,368,237,-324,603,110,-459,391,156,17,708,-122,-494,328,-62,128,661,-307,-462,315,-215,-139,669,-369,-519,293,-269,-185,630,-363,-530,315,-262,-241,624,-337,-468,328,-243,-176,580,-307,-179,395,-273,182,520,-645,-171,359,-613,358,500,-955,212,333,-919,640,518,-1008,229,334,-967,661,417,-1032,-150,299,-1020,311,
358,271,-459,379,307,-505,390,309,-505,402,311,-505,359,303,-426,356,303,-425,353,302,-426,455,306,-522,402,299,-141,390,240,-453,368,238,-343,606,110,-472,390,156,-10,706,-135,-499,328,-63,114,643,-307,-464,317,-223,-140,646,-367,-525,295,-278,-186,609,-361,-529,318,-270,-243,603,-335,-469,332,-251,-177,579,-307,-178,393,-273,181,517,-646,-112,355,-613,384,492,-954,344,327,-919,751,508,-1008,366,329,-967,783,410,-1033,-23,297,-1021,406,
359,271,-468,380,307,-512,390,309,-512,402,311,-513,360,303,-433,356,303,-432,353,302,-432,457,306,-525,402,299,-142,392,240,-461,369,238,-350,611,109,-481,390,155,-7,706,-143,-502,328,-71,111,644,-317,-474,316,-227,-156,648,-378,-538,294,-280,-205,610,-371,-543,318,-273,-264,604,-344,-479,331,-254,-194,579,-310,-182,393,-275,185,516,-649,-138,355,-615,395,491,-957,315,327,-921,740,508,-1010,333,328,-969,768,407,-1036,-41,296,-1022,398,
383,271,-558,402,313,-579,415,316,-579,432,320,-579,373,305,-515,365,304,-514,359,303,-514,482,314,-518,395,299,-181,415,240,-513,388,238,-424,614,109,-416,371,165,-1,705,-142,-430,308,-51,103,650,-287,-474,303,-201,-233,654,-339,-537,285,-259,-284,623,-328,-542,309,-249,-334,616,-303,-479,322,-229,-267,579,-299,-180,389,-262,183,516,-622,-223,349,-594,390,489,-928,170,320,-899,730,505,-981,185,320,-948,752,407,-1011,-232,293,-1001,336,
391,271,-563,410,315,-583,424,319,-583,441,324,-583,379,307,-520,370,305,-519,362,304,-520,490,317,-506,392,300,-186,422,241,-516,395,239,-429,615,109,-402,365,172,1,701,-142,-411,300,-38,103,650,-277,-465,297,-185,-240,654,-328,-527,281,-243,-290,624,-315,-534,304,-232,-340,617,-291,-473,317,-212,-274,577,-291,-176,386,-253,179,515,-611,-237,345,-583,381,484,-915,137,314,-886,692,500,-967,151,313,-935,713,404,-1000,-264,289,-988,302,
404,275,-613,427,324,-626,444,328,-626,463,332,-626,391,314,-566,381,312,-566,371,310,-566,509,323,-509,392,303,-216,435,244,-557,404,243,-474,618,108,-413,367,178,3,701,-140,-434,303,19,157,650,-269,-552,293,-187,-163,653,-318,-623,278,-245,-206,624,-303,-632,299,-234,-265,617,-281,-562,312,-214,-198,579,-283,-176,387,-247,179,516,-601,-247,346,-576,388,484,-908,134,314,-882,723,498,-960,149,314,-929,747,404,-993,-280,289,-984,334,
409,276,-618,433,327,-631,450,331,-631,469,335,-632,395,317,-572,384,315,-572,373,313,-572,514,326,-515,391,305,-232,442,245,-565,409,244,-483,622,108,-418,365,182,-7,702,-136,-428,301,2,162,651,-268,-531,290,-185,-122,654,-318,-600,274,-242,-164,626,-304,-608,295,-231,-226,619,-281,-541,308,-211,-158,580,-275,-176,387,-238,180,516,-602,-247,345,-574,348,482,-907,210,313,-877,693,496,-958,230,313,-924,718,404,-990,-207,289,-982,284,
405,277,-676,432,330,-684,450,334,-684,469,338,-684,394,320,-631,384,317,-630,372,315,-631,515,327,-546,388,306,-290,441,247,-615,408,246,-541,622,107,-423,359,182,-58,702,-135,-436,296,-25,101,653,-265,-609,279,-193,-193,655,-313,-684,264,-251,-241,629,-299,-692,283,-238,-308,620,-276,-620,297,-218,-231,580,-278,-175,386,-241,178,517,-602,-236,345,-576,344,490,-908,208,319,-879,678,505,-961,226,320,-927,702,419,-991,-207,299,-983,286,
407,277,-700,434,330,-706,453,334,-707,473,338,-707,394,320,-653,384,317,-652,372,315,-653,517,328,-561,386,306,-300,443,247,-636,409,246,-560,624,107,-424,359,180,-80,702,-135,-441,291,-44,39,655,-267,-658,277,-205,-316,659,-317,-740,262,-265,-381,632,-304,-755,283,-251,-447,623,-281,-673,296,-230,-355,580,-279,-170,386,-242,174,519,-605,-185,346,-578,348,492,-910,292,320,-882,748,506,-962,312,320,-929,779,420,-993,-132,302,-984,345,
424,282,-745,449,333,-740,467,337,-740,488,341,-741,408,324,-695,394,321,-694,381,319,-694,528,329,-554,387,308,-320,459,250,-666,418,249,-600,629,107,-412,358,178,-101,708,-137,-441,283,-47,-50,664,-273,-653,265,-205,-500,667,-326,-742,247,-266,-581,637,-310,-760,273,-252,-650,628,-286,-670,287,-231,-542,580,-282,-167,384,-246,170,519,-606,-134,343,-579,444,491,-910,383,315,-883,947,504,-963,408,314,-930,989,420,-995,-47,300,-985,545,
421,287,-679,448,335,-689,466,339,-689,486,342,-689,408,327,-633,396,326,-633,384,324,-633,527,329,-520,387,312,-286,457,253,-621,418,255,-543,624,108,-398,355,182,-90,691,-130,-419,283,-47,53,639,-251,-564,268,-202,-264,638,-299,-634,252,-262,-319,616,-283,-650,275,-248,-383,608,-261,-576,289,-227,-301,576,-281,-167,382,-246,171,509,-590,-197,336,-564,346,476,-899,237,301,-871,657,489,-954,256,300,-920,678,403,-980,-144,279,-972,298,
431,289,-668,455,336,-672,474,339,-672,494,342,-673,417,329,-622,405,327,-621,393,325,-621,534,329,-509,396,313,-276,465,254,-604,426,255,-533,630,109,-373,362,181,-89,706,-130,-360,310,5,-16,652,-265,-505,275,-204,-411,652,-321,-582,257,-265,-485,624,-307,-601,284,-252,-550,616,-280,-520,299,-230,-450,584,-279,-154,387,-245,157,525,-592,-156,350,-567,350,493,-902,303,320,-872,746,504,-956,324,318,-922,778,425,-982,-110,309,-973,338,
434,289,-665,458,337,-665,477,340,-665,497,342,-665,418,329,-621,405,327,-621,394,325,-621,534,329,-490,396,312,-285,470,255,-597,428,255,-533,630,115,-355,361,180,-106,702,-123,-345,309,-22,-74,647,-266,-494,278,-203,-479,648,-322,-574,261,-264,-559,619,-308,-594,288,-250,-624,610,-282,-512,302,-228,-519,584,-274,-144,386,-240,147,525,-593,-151,349,-567,297,491,-897,292,318,-868,647,501,-949,311,315,-916,673,424,-980,-114,308,-970,250,
434,289,-710,458,338,-709,477,341,-709,498,343,-709,419,330,-665,405,327,-664,394,325,-664,536,329,-528,399,313,-316,470,255,-637,429,255,-573,630,115,-356,362,180,-109,701,-125,-364,306,-36,-24,647,-273,-580,276,-204,-401,648,-331,-666,258,-265,-473,619,-317,-691,281,-251,-544,611,-289,-599,296,-229,-442,583,-275,-143,385,-241,146,525,-595,-125,348,-569,301,489,-898,349,317,-870,759,499,-949,371,314,-917,793,423,-983,-65,307,-973,353,
435,290,-694,460,338,-692,479,341,-692,499,343,-692,420,330,-648,406,328,-648,395,326,-648,535,329,-498,399,313,-301,472,255,-621,430,255,-558,631,115,-349,362,182,-98,707,-122,-352,306,-37,-5,650,-264,-544,276,-183,-402,649,-318,-625,259,-238,-474,620,-301,-647,282,-223,-541,612,-276,-561,297,-203,-442,583,-272,-141,385,-239,144,525,-596,-137,349,-570,278,490,-898,321,318,-870,636,500,-949,341,316,-916,661,425,-984,-88,309,-974,225,
435,292,-692,460,340,-688,479,342,-689,499,344,-689,420,332,-648,406,330,-647,395,327,-648,536,330,-498,400,314,-312,473,256,-619,431,256,-560,634,115,-361,362,169,-124,702,-132,-370,306,-64,-53,643,-273,-542,277,-211,-428,642,-328,-625,259,-267,-503,613,-313,-646,281,-256,-575,606,-286,-559,297,-235,-470,583,-285,-142,385,-255,145,525,-600,-126,349,-578,350,493,-906,340,324,-881,782,504,-959,362,322,-929,816,428,-993,-55,312,-985,413,
438,294,-683,461,341,-674,480,343,-674,500,345,-674,423,334,-646,408,331,-646,398,329,-646,536,330,-491,401,314,-306,474,259,-606,432,258,-554,634,117,-347,362,166,-144,699,-127,-356,306,-69,-93,644,-271,-545,281,-219,-452,646,-327,-629,264,-275,-530,617,-312,-655,286,-264,-599,608,-285,-566,301,-242,-492,583,-285,-130,385,-255,133,527,-600,-132,356,-580,280,497,-906,332,332,-882,639,507,-959,356,330,-930,665,436,-993,-73,322,-986,258,
439,296,-654,463,341,-647,482,343,-648,502,345,-648,424,335,-613,410,332,-613,398,330,-613,537,330,-478,401,315,-286,474,260,-581,432,259,-528,635,117,-349,362,165,-119,701,-127,-364,306,-67,-58,648,-263,-578,281,-218,-429,650,-314,-659,263,-275,-504,622,-298,-678,286,-264,-569,613,-274,-595,301,-242,-470,583,-287,-132,386,-257,135,530,-608,-142,357,-589,273,503,-914,272,338,-890,589,514,-967,290,337,-937,610,442,-998,-126,328,-993,206,
439,300,-654,463,342,-648,482,344,-648,502,346,-649,424,336,-613,410,334,-613,399,331,-613,537,330,-477,401,316,-281,474,263,-582,431,262,-527,634,118,-355,362,164,-88,701,-126,-392,301,-68,-12,645,-260,-601,280,-219,-389,646,-311,-682,263,-277,-456,618,-296,-698,285,-265,-520,609,-272,-616,300,-243,-428,579,-288,-133,381,-258,136,522,-611,-147,343,-590,283,487,-916,270,314,-892,596,496,-969,288,313,-940,625,424,-1002,-129,301,-996,218,
440,302,-653,464,344,-639,483,346,-640,502,347,-640,425,338,-609,412,335,-609,399,333,-609,537,331,-427,395,317,-274,475,264,-569,431,263,-525,627,119,-305,333,163,-27,684,-122,-340,262,-58,21,627,-226,-505,229,-180,-390,621,-269,-570,207,-232,-457,601,-249,-579,227,-216,-520,595,-230,-515,243,-197,-429,563,-286,-136,366,-257,138,508,-600,-215,331,-584,273,477,-908,173,305,-890,534,489,-963,187,305,-939,549,412,-993,-213,288,-994,161,
440,302,-690,466,344,-673,484,346,-673,503,347,-674,427,338,-641,414,336,-640,402,333,-641,536,331,-447,397,318,-282,474,264,-594,431,263,-549,618,128,-321,333,167,-12,667,-108,-363,266,-47,50,610,-218,-544,240,-171,-389,606,-264,-619,221,-223,-456,587,-246,-635,240,-208,-520,581,-225,-556,256,-189,-428,561,-278,-149,367,-250,152,505,-589,-215,328,-570,277,472,-898,184,299,-876,551,483,-953,198,299,-925,567,406,-981,-220,281,-979,163,
440,302,-726,468,345,-706,487,347,-707,505,348,-707,426,338,-675,414,336,-674,402,333,-675,536,331,-455,397,318,-299,476,264,-624,430,263,-580,618,128,-327,336,178,-26,685,-108,-404,258,-31,-50,631,-216,-671,217,-144,-634,626,-262,-760,192,-196,-724,603,-243,-770,216,-178,-787,596,-223,-684,234,-161,-678,562,-276,-155,366,-244,158,502,-588,-207,322,-567,314,464,-897,207,288,-872,641,476,-951,223,287,-920,662,395,-979,-207,270,-977,213,
439,302,-772,468,345,-765,487,347,-765,505,348,-765,426,338,-719,413,336,-719,401,333,-719,536,332,-542,398,318,-320,479,264,-682,430,263,-618,619,127,-430,347,181,-30,711,-109,-556,263,-7,-41,639,-220,-795,221,-135,-596,629,-267,-894,201,-191,-678,604,-245,-887,229,-172,-733,599,-226,-800,246,-156,-635,580,-275,-184,380,-243,187,514,-589,-128,332,-568,522,476,-897,402,299,-872,1063,489,-952,427,299,-919,1110,402,-980,-39,284,-977,656,
440,302,-757,468,345,-746,488,347,-746,506,348,-746,426,338,-707,414,336,-707,401,333,-707,536,334,-529,397,318,-319,480,264,-663,430,263,-608,622,127,-410,350,189,-61,710,-111,-439,264,-4,-142,636,-221,-581,224,-141,-730,628,-268,-658,203,-199,-824,602,-249,-656,246,-184,-877,597,-229,-586,259,-166,-769,580,-273,-179,381,-240,182,518,-589,-50,333,-569,493,482,-898,495,302,-872,1046,496,-951,523,301,-917,1094,409,-980,69,293,-978,639,
441,301,-836,469,345,-825,489,347,-825,507,348,-825,426,339,-788,414,337,-787,401,334,-787,536,334,-593,397,319,-400,482,263,-739,430,263,-685,622,126,-437,352,189,-108,713,-111,-487,280,-8,-17,640,-223,-704,267,-151,-389,630,-268,-792,253,-215,-446,606,-248,-794,282,-197,-512,601,-229,-714,295,-177,-425,586,-270,-176,387,-240,179,533,-591,-78,348,-572,439,500,-898,398,327,-872,895,512,-951,421,327,-918,932,436,-982,65,322,-979,490,
442,300,-848,469,345,-844,489,347,-845,507,348,-845,426,338,-803,414,336,-802,401,333,-803,536,334,-628,398,319,-416,486,262,-756,431,260,-696,625,127,-477,361,188,-123,728,-107,-533,315,-12,26,656,-204,-739,309,-159,-319,648,-245,-829,293,-225,-373,624,-223,-828,319,-209,-440,619,-206,-747,333,-187,-356,599,-268,-180,401,-240,183,548,-594,-72,369,-576,481,516,-900,471,347,-875,1008,529,-952,499,348,-919,1053,450,-987,47,340,-984,591,
442,299,-830,469,344,-824,489,346,-824,507,348,-824,426,337,-798,414,335,-797,401,333,-797,537,334,-549,399,319,-367,485,261,-743,431,260,-689,627,124,-402,361,186,-111,724,-116,-524,306,-17,-172,664,-240,-732,291,-159,-780,665,-290,-831,268,-225,-886,638,-273,-844,302,-210,-948,629,-251,-748,319,-188,-824,597,-272,-170,399,-242,173,544,-599,-86,367,-581,449,513,-901,418,345,-876,918,526,-952,441,345,-920,956,446,-988,-9,334,-985,508,
442,299,-784,468,344,-780,488,346,-780,506,348,-780,426,337,-738,414,335,-737,401,333,-737,537,333,-542,400,319,-324,485,261,-708,431,260,-637,635,118,-407,364,183,-110,725,-127,-522,305,-28,-156,674,-267,-763,285,-176,-761,676,-322,-861,259,-241,-860,647,-306,-869,297,-224,-918,637,-282,-777,316,-203,-803,596,-282,-171,398,-251,174,542,-607,-67,364,-588,548,511,-910,467,341,-884,1135,524,-961,493,341,-928,1186,443,-998,37,329,-995,743,
442,298,-737,467,343,-736,487,346,-736,506,347,-736,426,337,-688,414,335,-687,401,333,-687,537,333,-531,401,319,-293,484,261,-662,431,260,-588,634,117,-406,366,183,-78,722,-127,-515,304,-28,-126,673,-265,-749,285,-178,-704,677,-318,-841,259,-241,-796,649,-302,-848,295,-224,-852,639,-279,-762,314,-203,-745,595,-284,-173,396,-252,176,538,-607,-79,360,-588,522,510,-910,440,340,-884,1047,524,-962,466,340,-928,1092,441,-999,23,329,-995,655,
441,298,-789,466,343,-786,485,346,-786,504,347,-787,426,337,-738,413,335,-737,401,332,-738,537,333,-577,401,319,-334,483,260,-703,431,259,-633,637,115,-442,367,182,-78,730,-128,-580,302,-28,-115,686,-264,-862,284,-174,-650,689,-314,-964,261,-235,-733,661,-293,-966,294,-216,-790,651,-273,-873,311,-196,-689,596,-287,-179,396,-256,182,538,-608,-84,359,-588,552,511,-913,420,339,-886,1108,525,-966,444,338,-933,1155,441,-1003,2,327,-998,715,
441,296,-814,466,341,-812,485,344,-813,504,345,-813,426,334,-766,414,332,-765,401,330,-765,537,333,-609,401,318,-371,483,258,-728,432,257,-660,638,112,-470,368,182,-101,730,-130,-567,313,-34,-52,682,-262,-803,303,-185,-494,684,-312,-898,285,-247,-562,656,-291,-899,313,-229,-624,647,-272,-813,328,-208,-532,596,-289,-184,396,-258,187,539,-614,-67,360,-592,548,511,-920,505,339,-892,1119,526,-973,536,340,-938,1169,440,-1011,76,327,-1005,716,
443,292,-797,468,338,-795,488,341,-795,507,343,-795,427,331,-749,414,329,-749,402,327,-749,539,331,-591,401,316,-361,485,253,-714,434,251,-647,637,110,-436,368,182,-105,732,-133,-533,312,-32,-103,685,-260,-757,298,-180,-607,687,-310,-842,279,-240,-684,660,-290,-834,308,-224,-743,651,-271,-763,323,-204,-646,595,-290,-183,396,-259,186,540,-615,-55,361,-595,538,513,-922,489,342,-894,1093,528,-975,516,342,-939,1141,443,-1013,65,332,-1006,699,
456,286,-792,481,334,-786,500,337,-786,516,339,-786,434,325,-748,420,323,-747,407,320,-747,542,329,-544,401,310,-379,497,246,-708,441,242,-646,639,112,-332,368,175,-171,744,-122,-348,310,-45,-170,704,-260,-603,306,-200,-658,709,-308,-692,293,-262,-749,679,-288,-708,320,-249,-813,669,-269,-621,333,-225,-698,597,-290,-139,397,-261,142,553,-617,-57,371,-600,423,529,-922,463,356,-897,940,540,-974,489,356,-943,983,472,-1014,37,360,-1007,527,
464,285,-811,488,334,-798,506,336,-798,521,339,-799,438,324,-769,425,322,-768,411,319,-768,544,328,-547,401,308,-393,504,244,-712,447,239,-664,640,116,-357,369,168,-164,742,-121,-407,318,-58,-162,699,-250,-630,319,-217,-672,704,-298,-701,304,-281,-765,673,-276,-718,333,-263,-830,663,-257,-642,346,-239,-712,608,-291,-144,408,-267,147,570,-620,4,388,-605,490,552,-923,573,381,-899,1086,565,-974,602,382,-944,1139,491,-1016,148,384,-1009,687,
467,283,-855,490,332,-834,508,335,-834,523,337,-834,440,323,-808,426,320,-808,412,317,-808,545,327,-560,400,305,-420,507,244,-745,449,238,-704,641,118,-365,370,155,-183,746,-121,-417,318,-77,-184,709,-271,-658,316,-236,-717,715,-331,-735,302,-301,-816,682,-316,-732,329,-286,-891,672,-291,-668,342,-261,-762,612,-302,-148,411,-283,151,572,-628,-25,390,-616,498,556,-933,523,383,-913,1076,569,-985,551,384,-960,1125,493,-1027,93,383,-1024,677,
468,283,-812,491,332,-778,509,335,-779,524,337,-779,442,323,-763,429,320,-762,414,317,-762,544,326,-485,400,305,-376,506,244,-690,449,239,-665,641,119,-321,368,157,-175,745,-119,-367,275,-41,-376,704,-272,-593,280,-69,-1172,709,-334,-677,267,-93,-1300,678,-317,-695,295,-71,-1335,668,-291,-610,308,-65,-1208,610,-301,-145,411,-280,148,569,-628,-37,388,-614,416,551,-934,500,379,-914,894,567,-986,519,380,-961,932,485,-1026,49,376,-1023,466,
470,284,-808,492,333,-781,510,335,-781,525,337,-782,443,324,-759,429,320,-759,415,317,-759,545,326,-501,400,305,-370,508,245,-690,449,239,-661,640,119,-340,368,158,-136,746,-119,-429,278,-37,-291,703,-262,-721,274,-89,-1023,706,-320,-820,257,-122,-1140,676,-296,-829,284,-98,-1181,666,-275,-736,299,-90,-1061,610,-298,-156,404,-275,159,567,-627,-26,375,-613,525,542,-934,549,355,-912,1162,556,-985,575,355,-959,1217,476,-1025,87,351,-1022,721,
471,284,-812,493,333,-786,510,336,-787,524,337,-787,444,324,-765,430,320,-764,415,317,-764,545,326,-507,400,305,-376,509,246,-696,450,239,-664,643,119,-337,368,159,-149,746,-114,-407,280,-42,-291,710,-261,-716,275,-105,-983,717,-320,-811,259,-146,-1103,685,-295,-826,285,-134,-1161,674,-274,-729,300,-121,-1027,610,-297,-152,403,-274,155,568,-627,-33,377,-613,482,544,-934,524,360,-913,1063,556,-984,552,360,-958,1112,481,-1025,61,361,-1021,602,
471,284,-810,492,333,-786,509,336,-786,524,338,-787,444,324,-762,430,321,-762,415,318,-762,545,326,-499,399,305,-374,509,247,-694,450,240,-661,642,116,-320,367,166,-146,750,-112,-414,272,-10,-384,720,-249,-749,257,3,-1164,724,-305,-838,237,-4,-1287,694,-275,-854,252,67,-1305,683,-256,-766,271,68,-1195,610,-292,-142,396,-268,145,566,-627,-43,366,-613,427,542,-933,475,345,-912,946,552,-984,497,345,-958,987,478,-1025,-1,348,-1020,487,
470,285,-811,492,333,-786,509,336,-786,524,338,-787,443,324,-765,429,321,-764,415,318,-765,545,327,-503,399,305,-396,508,247,-696,450,240,-667,641,128,-306,367,161,-194,748,-105,-336,277,-54,-316,710,-246,-631,258,-174,-900,714,-302,-727,241,-227,-1027,683,-276,-755,255,-207,-1122,672,-256,-656,273,-186,-951,612,-288,-120,402,-268,123,574,-626,-81,380,-613,250,550,-933,388,363,-913,601,560,-983,405,362,-960,624,490,-1024,-69,369,-1020,147,
469,285,-832,492,333,-808,509,336,-809,524,338,-809,442,325,-789,428,322,-788,414,318,-788,545,327,-533,398,305,-428,508,247,-721,449,240,-692,637,133,-310,367,155,-208,747,-103,-341,283,-59,-296,708,-245,-555,261,-171,-895,712,-300,-637,241,-219,-1013,682,-276,-663,259,-199,-1086,671,-256,-577,277,-181,-943,613,-288,-125,406,-269,128,580,-626,-91,391,-616,247,565,-934,397,383,-918,584,576,-985,417,386,-965,607,506,-1025,-47,386,-1023,146,
463,285,-797,486,333,-776,504,336,-776,520,338,-776,439,325,-747,425,322,-746,411,318,-747,543,327,-528,396,305,-386,503,247,-697,447,240,-655,628,135,-313,368,154,-124,738,-104,-353,306,-65,14,689,-238,-538,292,-208,-341,689,-285,-612,277,-263,-407,665,-267,-629,292,-251,-478,657,-248,-554,307,-229,-382,612,-288,-131,411,-270,135,577,-620,-184,394,-613,227,559,-931,254,385,-917,484,571,-984,271,388,-964,498,500,-1018,-161,381,-1020,77,
457,285,-761,479,334,-741,498,337,-741,515,339,-741,435,325,-709,422,322,-709,409,318,-709,540,327,-501,395,305,-340,499,247,-665,445,240,-618,627,137,-322,369,152,-101,737,-103,-364,305,-68,-79,689,-238,-546,282,-202,-575,689,-286,-618,260,-254,-667,665,-269,-646,279,-239,-735,656,-249,-556,295,-220,-619,613,-288,-140,414,-270,143,576,-620,-211,395,-612,263,557,-931,200,383,-916,554,570,-984,214,385,-963,572,497,-1017,-233,377,-1020,139,
444,287,-793,468,336,-775,488,340,-775,507,342,-775,425,327,-743,411,324,-742,399,321,-743,538,330,-540,392,309,-376,483,251,-697,436,245,-650,626,137,-341,362,152,-149,731,-103,-370,308,-70,-94,686,-241,-583,298,-218,-511,688,-292,-661,285,-278,-598,662,-277,-667,304,-263,-670,653,-253,-591,317,-240,-553,612,-287,-139,413,-268,142,575,-611,-171,393,-604,241,555,-923,292,383,-913,553,568,-977,310,384,-962,573,495,-1012,-151,376,-1018,137,
437,288,-834,461,337,-826,482,340,-826,502,343,-826,418,327,-785,404,324,-785,392,322,-785,537,331,-614,390,310,-413,476,252,-745,431,247,-688,626,137,-419,362,153,-176,730,-107,-421,311,-68,-109,682,-248,-595,307,-215,-538,683,-299,-682,295,-274,-620,657,-285,-696,314,-258,-689,648,-260,-609,328,-236,-580,612,-286,-141,412,-267,144,575,-609,-156,391,-600,277,554,-921,317,380,-911,630,567,-975,335,382,-960,655,493,-1011,-132,374,-1017,213,
436,288,-841,458,337,-835,478,341,-835,499,343,-836,416,328,-791,403,326,-791,390,323,-791,537,331,-634,390,312,-413,474,253,-755,430,248,-692,627,138,-456,363,153,-172,731,-107,-462,317,-67,-51,686,-263,-638,314,-225,-440,690,-320,-728,301,-286,-513,660,-306,-745,321,-272,-586,650,-279,-654,336,-249,-482,614,-286,-150,414,-267,153,574,-608,-153,391,-599,335,553,-920,319,381,-910,732,567,-975,342,384,-960,762,493,-1011,-127,374,-1017,322,
433,288,-834,454,337,-827,474,341,-827,495,344,-827,414,328,-785,402,326,-785,390,323,-785,536,332,-624,390,313,-408,470,253,-747,428,248,-686,628,138,-446,364,154,-175,733,-109,-461,321,-73,-80,688,-275,-671,315,-230,-493,694,-334,-765,301,-290,-574,661,-322,-785,322,-276,-647,651,-294,-690,337,-253,-536,617,-287,-153,416,-268,156,574,-612,-159,391,-602,338,554,-925,327,380,-913,731,568,-981,349,383,-963,761,492,-1016,-111,373,-1021,319,
429,286,-812,451,336,-822,471,339,-823,493,342,-823,413,327,-765,401,325,-765,389,323,-765,536,331,-662,393,314,-405,465,251,-740,425,247,-668,630,124,-508,366,159,-152,738,-131,-548,320,-68,61,688,-282,-709,313,-228,-206,694,-336,-790,299,-289,-250,661,-324,-795,319,-278,-318,651,-298,-720,333,-255,-244,616,-292,-165,415,-268,168,569,-619,-186,386,-603,360,546,-935,307,367,-916,737,562,-992,330,370,-967,766,473,-1027,-121,352,-1027,337,
428,283,-884,451,332,-899,471,335,-899,493,338,-899,413,325,-846,402,324,-845,390,323,-845,536,326,-745,395,314,-494,463,246,-814,424,245,-741,629,117,-568,367,165,-223,737,-134,-599,317,-57,-17,686,-279,-771,311,-225,-326,690,-335,-847,298,-283,-375,659,-322,-852,316,-267,-441,650,-298,-781,329,-246,-363,610,-292,-164,406,-267,167,560,-622,-153,373,-604,356,534,-938,382,352,-918,736,549,-994,409,354,-969,766,461,-1032,-38,337,-1030,334,
423,283,-916,448,331,-933,467,335,-933,488,337,-933,411,325,-879,400,324,-878,389,323,-878,533,326,-792,398,316,-529,455,246,-849,420,245,-774,629,117,-618,367,169,-255,738,-132,-634,310,-46,-22,683,-276,-771,304,-192,-390,684,-327,-846,292,-244,-440,654,-311,-847,308,-230,-501,646,-288,-778,320,-212,-426,609,-289,-166,403,-262,169,558,-622,-108,371,-604,410,531,-938,466,349,-918,872,547,-993,497,351,-968,911,459,-1034,42,336,-1031,460,
